 zone T = "Diff Var: Implicit",
 0.00000E+00  0.31247E+01
-0.10000E+00  0.31473E+01
-0.20000E+00  0.32114E+01
-0.30000E+00  0.32568E+01
-0.40000E+00  0.33527E+01
-0.50000E+00  0.34849E+01
-0.60000E+00  0.35156E+01
-0.70000E+00  0.35618E+01
-0.80000E+00  0.35310E+01
-0.90000E+00  0.34736E+01
-0.10000E+01  0.33309E+01
-0.11000E+01  0.32255E+01
-0.12000E+01  0.31482E+01
-0.13000E+01  0.31462E+01
-0.14000E+01  0.31704E+01
-0.15000E+01  0.32120E+01
-0.16000E+01  0.32678E+01
-0.17000E+01  0.33314E+01
-0.18000E+01  0.33900E+01
-0.19000E+01  0.34314E+01
-0.20000E+01  0.34498E+01
-0.21000E+01  0.34413E+01
-0.22000E+01  0.34051E+01
-0.23000E+01  0.33481E+01
-0.24000E+01  0.32836E+01
-0.25000E+01  0.32257E+01
-0.26000E+01  0.31827E+01
-0.27000E+01  0.31551E+01
-0.28000E+01  0.31392E+01
-0.29000E+01  0.31312E+01
-0.30000E+01  0.31274E+01
-0.31000E+01  0.31257E+01
-0.32000E+01  0.31250E+01
-0.33000E+01  0.31247E+01
-0.34000E+01  0.31246E+01
-0.35000E+01  0.31245E+01
-0.36000E+01  0.31246E+01
-0.37000E+01  0.31245E+01
-0.38000E+01  0.31245E+01
-0.39000E+01  0.31245E+01
-0.40000E+01  0.31246E+01
-0.41000E+01  0.31245E+01
-0.42000E+01  0.31245E+01
-0.43000E+01  0.31245E+01
-0.44000E+01  0.31245E+01
-0.45000E+01  0.31246E+01
-0.46000E+01  0.31245E+01
-0.47000E+01  0.31245E+01
-0.48000E+01  0.31244E+01
-0.49000E+01  0.31245E+01
-0.50000E+01  0.31245E+01
-0.51000E+01  0.31245E+01
-0.52000E+01  0.31246E+01
-0.53000E+01  0.31246E+01
-0.54000E+01  0.31245E+01
-0.55000E+01  0.31246E+01
-0.56000E+01  0.31251E+01
-0.57000E+01  0.31252E+01
-0.58000E+01  0.31243E+01
-0.59000E+01  0.31244E+01
-0.60000E+01  0.31239E+01
-0.61000E+01  0.31261E+01
-0.62000E+01  0.31252E+01
-0.63000E+01  0.31224E+01
-0.64000E+01  0.31244E+01
-0.65000E+01  0.31232E+01
-0.66000E+01  0.31218E+01
-0.67000E+01  0.31342E+01
-0.68000E+01  0.31317E+01
-0.69000E+01  0.31149E+01
-0.70000E+01  0.31486E+01
-0.71000E+01  0.31568E+01
-0.72000E+01  0.31430E+01
-0.73000E+01  0.31727E+01
-0.74000E+01  0.31270E+01
-0.75000E+01  0.31439E+01
-0.76000E+01  0.30878E+01
-0.77000E+01  0.31930E+01
-0.78000E+01  0.31285E+01
-0.79000E+01  0.31816E+01
-0.80000E+01  0.31647E+01
 zone T = "Alge Var: Implicit",
 0.00000E+00  0.31274E+01
-0.10000E+00  0.33885E+01
-0.20000E+00  0.36225E+01
-0.30000E+00  0.38233E+01
-0.40000E+00  0.39836E+01
-0.50000E+00  0.40929E+01
-0.60000E+00  0.41284E+01
-0.70000E+00  0.40483E+01
-0.80000E+00  0.40266E+01
-0.90000E+00  0.40287E+01
-0.10000E+01  0.40474E+01
-0.11000E+01  0.40971E+01
-0.12000E+01  0.42329E+01
-0.13000E+01  0.45747E+01
-0.14000E+01  0.52698E+01
-0.15000E+01  0.64679E+01
-0.16000E+01  0.83299E+01
-0.17000E+01  0.11022E+02
-0.18000E+01  0.14729E+02
-0.19000E+01  0.19678E+02
-0.20000E+01  0.26113E+02
-0.21000E+01  0.34283E+02
-0.22000E+01  0.44433E+02
-0.23000E+01  0.56779E+02
-0.24000E+01  0.71444E+02
-0.25000E+01  0.88383E+02
-0.26000E+01  0.10727E+03
-0.27000E+01  0.12732E+03
-0.28000E+01  0.14710E+03
-0.29000E+01  0.16191E+03
-0.30000E+01  0.82627E+02
-0.31000E+01  0.11160E+03
-0.32000E+01  0.63137E+02
-0.33000E+01  0.73430E+02
-0.34000E+01  0.85926E+02
-0.35000E+01  0.10118E+03
-0.36000E+01  0.11856E+03
-0.37000E+01  0.11736E+03
-0.38000E+01  0.11797E+03
-0.39000E+01  0.12140E+03
-0.40000E+01  0.12714E+03
-0.41000E+01  0.13470E+03
-0.42000E+01  0.12121E+03
-0.43000E+01  0.13036E+03
-0.44000E+01  0.15827E+03
-0.45000E+01  0.14446E+03
-0.46000E+01  0.15133E+03
-0.47000E+01  0.15389E+03
-0.48000E+01  0.16212E+03
-0.49000E+01  0.16328E+03
-0.50000E+01  0.16408E+03
-0.51000E+01  0.17057E+03
-0.52000E+01  0.15661E+03
-0.53000E+01  0.17513E+03
-0.54000E+01  0.17457E+03
-0.55000E+01  0.17332E+03
-0.56000E+01  0.17558E+03
-0.57000E+01  0.19519E+03
-0.58000E+01  0.19573E+03
-0.59000E+01  0.19603E+03
-0.60000E+01  0.19617E+03
-0.61000E+01  0.19631E+03
-0.62000E+01  0.19656E+03
-0.63000E+01  0.19645E+03
-0.64000E+01  0.19624E+03
-0.65000E+01  0.19608E+03
-0.66000E+01  0.19591E+03
-0.67000E+01  0.19547E+03
-0.68000E+01  0.19525E+03
-0.69000E+01  0.19478E+03
-0.70000E+01  0.19424E+03
-0.71000E+01  0.19390E+03
-0.72000E+01  0.19329E+03
-0.73000E+01  0.19270E+03
-0.74000E+01  0.19205E+03
-0.75000E+01  0.19171E+03
-0.76000E+01  0.19081E+03
-0.77000E+01  0.19022E+03
-0.78000E+01  0.18960E+03
-0.79000E+01  0.18893E+03
-0.80000E+01  0.18830E+03
 zone T = "Diff Var: Predicted",
 0.00000E+00  0.39882E+01
-0.10000E+00  0.39880E+01
-0.20000E+00  0.39781E+01
-0.30000E+00  0.39782E+01
-0.40000E+00  0.39804E+01
-0.50000E+00  0.39787E+01
-0.60000E+00  0.39747E+01
-0.70000E+00  0.39679E+01
-0.80000E+00  0.39585E+01
-0.90000E+00  0.39459E+01
-0.10000E+01  0.39294E+01
-0.11000E+01  0.39082E+01
-0.12000E+01  0.38812E+01
-0.13000E+01  0.38472E+01
-0.14000E+01  0.38051E+01
-0.15000E+01  0.37535E+01
-0.16000E+01  0.36909E+01
-0.17000E+01  0.36160E+01
-0.18000E+01  0.35280E+01
-0.19000E+01  0.34264E+01
-0.20000E+01  0.33114E+01
-0.21000E+01  0.31837E+01
-0.22000E+01  0.30448E+01
-0.23000E+01  0.28967E+01
-0.24000E+01  0.27417E+01
-0.25000E+01  0.25823E+01
-0.26000E+01  0.24213E+01
-0.27000E+01  0.22614E+01
-0.28000E+01  0.21052E+01
-0.29000E+01  0.19554E+01
-0.30000E+01  0.18142E+01
-0.31000E+01  0.16835E+01
-0.32000E+01  0.15650E+01
-0.33000E+01  0.14598E+01
-0.34000E+01  0.13685E+01
-0.35000E+01  0.12912E+01
-0.36000E+01  0.12273E+01
-0.37000E+01  0.11756E+01
-0.38000E+01  0.11349E+01
-0.39000E+01  0.11032E+01
-0.40000E+01  0.10789E+01
-0.41000E+01  0.10604E+01
-0.42000E+01  0.10464E+01
-0.43000E+01  0.10357E+01
-0.44000E+01  0.10276E+01
-0.45000E+01  0.10215E+01
-0.46000E+01  0.10167E+01
-0.47000E+01  0.10131E+01
-0.48000E+01  0.10103E+01
-0.49000E+01  0.10081E+01
-0.50000E+01  0.10064E+01
-0.51000E+01  0.10050E+01
-0.52000E+01  0.10040E+01
-0.53000E+01  0.10031E+01
-0.54000E+01  0.10025E+01
-0.55000E+01  0.10020E+01
-0.56000E+01  0.10016E+01
-0.57000E+01  0.10012E+01
-0.58000E+01  0.10010E+01
-0.59000E+01  0.10008E+01
-0.60000E+01  0.10006E+01
-0.61000E+01  0.10005E+01
-0.62000E+01  0.10004E+01
-0.63000E+01  0.10003E+01
-0.64000E+01  0.10002E+01
-0.65000E+01  0.10002E+01
-0.66000E+01  0.10002E+01
-0.67000E+01  0.10001E+01
-0.68000E+01  0.10001E+01
-0.69000E+01  0.10001E+01
-0.70000E+01  0.10001E+01
-0.71000E+01  0.10001E+01
-0.72000E+01  0.10000E+01
-0.73000E+01  0.10000E+01
-0.74000E+01  0.10000E+01
-0.75000E+01  0.10000E+01
-0.76000E+01  0.10000E+01
-0.77000E+01  0.10000E+01
-0.78000E+01  0.10000E+01
-0.79000E+01  0.10000E+01
-0.80000E+01  0.10000E+01
 zone T = "Alge Var: Predicted",
 0.00000E+00  0.39898E+01
-0.10000E+00  0.39891E+01
-0.20000E+00  0.39882E+01
-0.30000E+00  0.39867E+01
-0.40000E+00  0.39843E+01
-0.50000E+00  0.39809E+01
-0.60000E+00  0.39758E+01
-0.70000E+00  0.39688E+01
-0.80000E+00  0.39591E+01
-0.90000E+00  0.39463E+01
-0.10000E+01  0.39297E+01
-0.11000E+01  0.39083E+01
-0.12000E+01  0.38812E+01
-0.13000E+01  0.38473E+01
-0.14000E+01  0.38052E+01
-0.15000E+01  0.37535E+01
-0.16000E+01  0.36909E+01
-0.17000E+01  0.36161E+01
-0.18000E+01  0.35281E+01
-0.19000E+01  0.34264E+01
-0.20000E+01  0.33114E+01
-0.21000E+01  0.31837E+01
-0.22000E+01  0.30449E+01
-0.23000E+01  0.28967E+01
-0.24000E+01  0.27417E+01
-0.25000E+01  0.25823E+01
-0.26000E+01  0.24213E+01
-0.27000E+01  0.22614E+01
-0.28000E+01  0.21052E+01
-0.29000E+01  0.19554E+01
-0.30000E+01  0.18142E+01
-0.31000E+01  0.16835E+01
-0.32000E+01  0.15650E+01
-0.33000E+01  0.14598E+01
-0.34000E+01  0.13685E+01
-0.35000E+01  0.12912E+01
-0.36000E+01  0.12273E+01
-0.37000E+01  0.11756E+01
-0.38000E+01  0.11349E+01
-0.39000E+01  0.11032E+01
-0.40000E+01  0.10789E+01
-0.41000E+01  0.10604E+01
-0.42000E+01  0.10464E+01
-0.43000E+01  0.10357E+01
-0.44000E+01  0.10276E+01
-0.45000E+01  0.10215E+01
-0.46000E+01  0.10167E+01
-0.47000E+01  0.10131E+01
-0.48000E+01  0.10103E+01
-0.49000E+01  0.10081E+01
-0.50000E+01  0.10064E+01
-0.51000E+01  0.10050E+01
-0.52000E+01  0.10040E+01
-0.53000E+01  0.10031E+01
-0.54000E+01  0.10025E+01
-0.55000E+01  0.10020E+01
-0.56000E+01  0.10016E+01
-0.57000E+01  0.10012E+01
-0.58000E+01  0.10010E+01
-0.59000E+01  0.10008E+01
-0.60000E+01  0.10006E+01
-0.61000E+01  0.10005E+01
-0.62000E+01  0.10004E+01
-0.63000E+01  0.10003E+01
-0.64000E+01  0.10002E+01
-0.65000E+01  0.10002E+01
-0.66000E+01  0.10002E+01
-0.67000E+01  0.10001E+01
-0.68000E+01  0.10001E+01
-0.69000E+01  0.10001E+01
-0.70000E+01  0.10001E+01
-0.71000E+01  0.10000E+01
-0.72000E+01  0.10000E+01
-0.73000E+01  0.10000E+01
-0.74000E+01  0.10000E+01
-0.75000E+01  0.10000E+01
-0.76000E+01  0.10000E+01
-0.77000E+01  0.10000E+01
-0.78000E+01  0.10000E+01
-0.79000E+01  0.10000E+01
-0.80000E+01  0.10000E+01
