 zone T = "Diff Var: Implicit",
 0.00000E+00  0.40651E+01
-0.10000E+00  0.40724E+01
-0.20000E+00  0.40940E+01
-0.30000E+00  0.41199E+01
-0.40000E+00  0.40808E+01
-0.50000E+00  0.40709E+01
-0.60000E+00  0.40765E+01
-0.70000E+00  0.40969E+01
-0.80000E+00  0.40324E+01
-0.90000E+00  0.40063E+01
-0.10000E+01  0.40218E+01
-0.11000E+01  0.39026E+01
-0.12000E+01  0.38299E+01
-0.13000E+01  0.37615E+01
-0.14000E+01  0.36932E+01
-0.15000E+01  0.36243E+01
-0.16000E+01  0.35570E+01
-0.17000E+01  0.34932E+01
-0.18000E+01  0.34311E+01
-0.19000E+01  0.33708E+01
-0.20000E+01  0.33157E+01
-0.21000E+01  0.32639E+01
-0.22000E+01  0.32095E+01
-0.23000E+01  0.31503E+01
-0.24000E+01  0.30876E+01
-0.25000E+01  0.30242E+01
-0.26000E+01  0.29642E+01
-0.27000E+01  0.29093E+01
-0.28000E+01  0.28568E+01
-0.29000E+01  0.28049E+01
-0.30000E+01  0.27534E+01
-0.31000E+01  0.27013E+01
-0.32000E+01  0.26505E+01
-0.33000E+01  0.26056E+01
-0.34000E+01  0.25671E+01
-0.35000E+01  0.25284E+01
-0.36000E+01  0.24807E+01
-0.37000E+01  0.24303E+01
-0.38000E+01  0.23891E+01
-0.39000E+01  0.23616E+01
-0.40000E+01  0.23486E+01
-0.41000E+01  0.23507E+01
-0.42000E+01  0.23674E+01
-0.43000E+01  0.23977E+01
-0.44000E+01  0.24400E+01
-0.45000E+01  0.24928E+01
-0.46000E+01  0.25546E+01
-0.47000E+01  0.26243E+01
-0.48000E+01  0.27014E+01
-0.49000E+01  0.27863E+01
-0.50000E+01  0.28825E+01
-0.51000E+01  0.30101E+01
-0.52000E+01  0.30870E+01
-0.53000E+01  0.31964E+01
-0.54000E+01  0.32327E+01
-0.55000E+01  0.33042E+01
-0.56000E+01  0.33759E+01
-0.57000E+01  0.35324E+01
-0.58000E+01  0.35543E+01
-0.59000E+01  0.35970E+01
-0.60000E+01  0.34514E+01
-0.61000E+01  0.34328E+01
-0.62000E+01  0.34294E+01
-0.63000E+01  0.34393E+01
-0.64000E+01  0.34659E+01
-0.65000E+01  0.34496E+01
-0.66000E+01  0.34494E+01
-0.67000E+01  0.34505E+01
-0.68000E+01  0.34489E+01
-0.69000E+01  0.34465E+01
-0.70000E+01  0.34711E+01
-0.71000E+01  0.34431E+01
-0.72000E+01  0.34763E+01
-0.73000E+01  0.34916E+01
-0.74000E+01  0.34888E+01
-0.75000E+01  0.34661E+01
-0.76000E+01  0.34591E+01
-0.77000E+01  0.34273E+01
-0.78000E+01  0.34188E+01
-0.79000E+01  0.33769E+01
-0.80000E+01  0.34050E+01
 zone T = "Alge Var: Implicit",
 0.00000E+00  0.37426E+01
-0.10000E+00  0.37335E+01
-0.20000E+00  0.37223E+01
-0.30000E+00  0.37083E+01
-0.40000E+00  0.36913E+01
-0.50000E+00  0.36705E+01
-0.60000E+00  0.36455E+01
-0.70000E+00  0.36155E+01
-0.80000E+00  0.35794E+01
-0.90000E+00  0.35356E+01
-0.10000E+01  0.34812E+01
-0.11000E+01  0.34111E+01
-0.12000E+01  0.33134E+01
-0.13000E+01  0.30072E+01
-0.14000E+01  0.30577E+01
-0.15000E+01  0.29576E+01
-0.16000E+01  0.30963E+01
-0.17000E+01  0.30866E+01
-0.18000E+01  0.30564E+01
-0.19000E+01  0.29976E+01
-0.20000E+01  0.29448E+01
-0.21000E+01  0.30372E+01
-0.22000E+01  0.31381E+01
-0.23000E+01  0.31536E+01
-0.24000E+01  0.31734E+01
-0.25000E+01  0.32849E+01
-0.26000E+01  0.33775E+01
-0.27000E+01  0.33604E+01
-0.28000E+01  0.33867E+01
-0.29000E+01  0.34267E+01
-0.30000E+01  0.34748E+01
-0.31000E+01  0.34916E+01
-0.32000E+01  0.34629E+01
-0.33000E+01  0.34577E+01
-0.34000E+01  0.34563E+01
-0.35000E+01  0.34560E+01
-0.36000E+01  0.34561E+01
-0.37000E+01  0.34560E+01
-0.38000E+01  0.34555E+01
-0.39000E+01  0.34549E+01
-0.40000E+01  0.34544E+01
-0.41000E+01  0.34539E+01
-0.42000E+01  0.34535E+01
-0.43000E+01  0.34534E+01
-0.44000E+01  0.34533E+01
-0.45000E+01  0.34532E+01
-0.46000E+01  0.34531E+01
-0.47000E+01  0.34532E+01
-0.48000E+01  0.34531E+01
-0.49000E+01  0.34531E+01
-0.50000E+01  0.34531E+01
-0.51000E+01  0.34531E+01
-0.52000E+01  0.34531E+01
-0.53000E+01  0.34531E+01
-0.54000E+01  0.34531E+01
-0.55000E+01  0.34532E+01
-0.56000E+01  0.34532E+01
-0.57000E+01  0.34531E+01
-0.58000E+01  0.34532E+01
-0.59000E+01  0.34531E+01
-0.60000E+01  0.34531E+01
-0.61000E+01  0.34531E+01
-0.62000E+01  0.34531E+01
-0.63000E+01  0.34532E+01
-0.64000E+01  0.34531E+01
-0.65000E+01  0.34531E+01
-0.66000E+01  0.34532E+01
-0.67000E+01  0.34531E+01
-0.68000E+01  0.34532E+01
-0.69000E+01  0.34531E+01
-0.70000E+01  0.34531E+01
-0.71000E+01  0.34531E+01
-0.72000E+01  0.34532E+01
-0.73000E+01  0.34531E+01
-0.74000E+01  0.34531E+01
-0.75000E+01  0.34532E+01
-0.76000E+01  0.34531E+01
-0.77000E+01  0.34531E+01
-0.78000E+01  0.34531E+01
-0.79000E+01  0.34531E+01
-0.80000E+01  0.34531E+01
 zone T = "Diff Var: Predicted",
 0.00000E+00  0.20172E+01
-0.10000E+00  0.20172E+01
-0.20000E+00  0.20173E+01
-0.30000E+00  0.20173E+01
-0.40000E+00  0.20174E+01
-0.50000E+00  0.20175E+01
-0.60000E+00  0.20177E+01
-0.70000E+00  0.20179E+01
-0.80000E+00  0.20181E+01
-0.90000E+00  0.20185E+01
-0.10000E+01  0.20189E+01
-0.11000E+01  0.20193E+01
-0.12000E+01  0.20199E+01
-0.13000E+01  0.20206E+01
-0.14000E+01  0.20212E+01
-0.15000E+01  0.20220E+01
-0.16000E+01  0.20227E+01
-0.17000E+01  0.20233E+01
-0.18000E+01  0.20239E+01
-0.19000E+01  0.20244E+01
-0.20000E+01  0.20249E+01
-0.21000E+01  0.20252E+01
-0.22000E+01  0.20254E+01
-0.23000E+01  0.20255E+01
-0.24000E+01  0.20255E+01
-0.25000E+01  0.20255E+01
-0.26000E+01  0.20254E+01
-0.27000E+01  0.20252E+01
-0.28000E+01  0.20250E+01
-0.29000E+01  0.20249E+01
-0.30000E+01  0.20247E+01
-0.31000E+01  0.20246E+01
-0.32000E+01  0.20244E+01
-0.33000E+01  0.20243E+01
-0.34000E+01  0.20242E+01
-0.35000E+01  0.20242E+01
-0.36000E+01  0.20241E+01
-0.37000E+01  0.20241E+01
-0.38000E+01  0.20240E+01
-0.39000E+01  0.20240E+01
-0.40000E+01  0.20240E+01
-0.41000E+01  0.20240E+01
-0.42000E+01  0.20240E+01
-0.43000E+01  0.20240E+01
-0.44000E+01  0.20240E+01
-0.45000E+01  0.20240E+01
-0.46000E+01  0.20240E+01
-0.47000E+01  0.20240E+01
-0.48000E+01  0.20240E+01
-0.49000E+01  0.20240E+01
-0.50000E+01  0.20240E+01
-0.51000E+01  0.20240E+01
-0.52000E+01  0.20240E+01
-0.53000E+01  0.20240E+01
-0.54000E+01  0.20240E+01
-0.55000E+01  0.20240E+01
-0.56000E+01  0.20240E+01
-0.57000E+01  0.20240E+01
-0.58000E+01  0.20240E+01
-0.59000E+01  0.20240E+01
-0.60000E+01  0.20240E+01
-0.61000E+01  0.20240E+01
-0.62000E+01  0.20240E+01
-0.63000E+01  0.20240E+01
-0.64000E+01  0.20240E+01
-0.65000E+01  0.20240E+01
-0.66000E+01  0.20240E+01
-0.67000E+01  0.20240E+01
-0.68000E+01  0.20240E+01
-0.69000E+01  0.20240E+01
-0.70000E+01  0.20240E+01
-0.71000E+01  0.20240E+01
-0.72000E+01  0.20240E+01
-0.73000E+01  0.20240E+01
-0.74000E+01  0.20240E+01
-0.75000E+01  0.20240E+01
-0.76000E+01  0.20240E+01
-0.77000E+01  0.20240E+01
-0.78000E+01  0.20240E+01
-0.79000E+01  0.20240E+01
-0.80000E+01  0.20240E+01
 zone T = "Alge Var: Predicted",
 0.00000E+00  0.20014E+01
-0.10000E+00  0.20013E+01
-0.20000E+00  0.20013E+01
-0.30000E+00  0.20013E+01
-0.40000E+00  0.20013E+01
-0.50000E+00  0.20013E+01
-0.60000E+00  0.20013E+01
-0.70000E+00  0.20012E+01
-0.80000E+00  0.20012E+01
-0.90000E+00  0.20012E+01
-0.10000E+01  0.20012E+01
-0.11000E+01  0.20012E+01
-0.12000E+01  0.20012E+01
-0.13000E+01  0.20012E+01
-0.14000E+01  0.20012E+01
-0.15000E+01  0.20012E+01
-0.16000E+01  0.20013E+01
-0.17000E+01  0.20013E+01
-0.18000E+01  0.20014E+01
-0.19000E+01  0.20014E+01
-0.20000E+01  0.20014E+01
-0.21000E+01  0.20015E+01
-0.22000E+01  0.20015E+01
-0.23000E+01  0.20015E+01
-0.24000E+01  0.20016E+01
-0.25000E+01  0.20016E+01
-0.26000E+01  0.20016E+01
-0.27000E+01  0.20016E+01
-0.28000E+01  0.20016E+01
-0.29000E+01  0.20016E+01
-0.30000E+01  0.20017E+01
-0.31000E+01  0.20017E+01
-0.32000E+01  0.20017E+01
-0.33000E+01  0.20017E+01
-0.34000E+01  0.20017E+01
-0.35000E+01  0.20017E+01
-0.36000E+01  0.20017E+01
-0.37000E+01  0.20017E+01
-0.38000E+01  0.20017E+01
-0.39000E+01  0.20017E+01
-0.40000E+01  0.20017E+01
-0.41000E+01  0.20017E+01
-0.42000E+01  0.20017E+01
-0.43000E+01  0.20017E+01
-0.44000E+01  0.20017E+01
-0.45000E+01  0.20017E+01
-0.46000E+01  0.20017E+01
-0.47000E+01  0.20017E+01
-0.48000E+01  0.20017E+01
-0.49000E+01  0.20017E+01
-0.50000E+01  0.20017E+01
-0.51000E+01  0.20017E+01
-0.52000E+01  0.20017E+01
-0.53000E+01  0.20017E+01
-0.54000E+01  0.20017E+01
-0.55000E+01  0.20017E+01
-0.56000E+01  0.20017E+01
-0.57000E+01  0.20017E+01
-0.58000E+01  0.20017E+01
-0.59000E+01  0.20017E+01
-0.60000E+01  0.20017E+01
-0.61000E+01  0.20017E+01
-0.62000E+01  0.20017E+01
-0.63000E+01  0.20017E+01
-0.64000E+01  0.20017E+01
-0.65000E+01  0.20017E+01
-0.66000E+01  0.20017E+01
-0.67000E+01  0.20017E+01
-0.68000E+01  0.20017E+01
-0.69000E+01  0.20017E+01
-0.70000E+01  0.20017E+01
-0.71000E+01  0.20017E+01
-0.72000E+01  0.20017E+01
-0.73000E+01  0.20017E+01
-0.74000E+01  0.20017E+01
-0.75000E+01  0.20017E+01
-0.76000E+01  0.20017E+01
-0.77000E+01  0.20017E+01
-0.78000E+01  0.20017E+01
-0.79000E+01  0.20017E+01
-0.80000E+01  0.20017E+01
