 zone T = "Diff Var: Implicit",
 0.00000E+00  0.34531E+01
-0.10000E+00  0.34588E+01
-0.20000E+00  0.34907E+01
-0.30000E+00  0.35729E+01
-0.40000E+00  0.36410E+01
-0.50000E+00  0.37133E+01
-0.60000E+00  0.37958E+01
-0.70000E+00  0.38107E+01
-0.80000E+00  0.38174E+01
-0.90000E+00  0.37538E+01
-0.10000E+01  0.36642E+01
-0.11000E+01  0.35798E+01
-0.12000E+01  0.35654E+01
-0.13000E+01  0.35887E+01
-0.14000E+01  0.36282E+01
-0.15000E+01  0.36866E+01
-0.16000E+01  0.37652E+01
-0.17000E+01  0.38644E+01
-0.18000E+01  0.39837E+01
-0.19000E+01  0.41088E+01
-0.20000E+01  0.42342E+01
-0.21000E+01  0.43532E+01
-0.22000E+01  0.44505E+01
-0.23000E+01  0.45152E+01
-0.24000E+01  0.45453E+01
-0.25000E+01  0.45400E+01
-0.26000E+01  0.44974E+01
-0.27000E+01  0.44190E+01
-0.28000E+01  0.43111E+01
-0.29000E+01  0.41861E+01
-0.30000E+01  0.40569E+01
-0.31000E+01  0.39314E+01
-0.32000E+01  0.38166E+01
-0.33000E+01  0.37181E+01
-0.34000E+01  0.36392E+01
-0.35000E+01  0.35800E+01
-0.36000E+01  0.35380E+01
-0.37000E+01  0.35094E+01
-0.38000E+01  0.34902E+01
-0.39000E+01  0.34775E+01
-0.40000E+01  0.34690E+01
-0.41000E+01  0.34634E+01
-0.42000E+01  0.34596E+01
-0.43000E+01  0.34573E+01
-0.44000E+01  0.34558E+01
-0.45000E+01  0.34547E+01
-0.46000E+01  0.34542E+01
-0.47000E+01  0.34538E+01
-0.48000E+01  0.34535E+01
-0.49000E+01  0.34534E+01
-0.50000E+01  0.34533E+01
-0.51000E+01  0.34532E+01
-0.52000E+01  0.34532E+01
-0.53000E+01  0.34531E+01
-0.54000E+01  0.34531E+01
-0.55000E+01  0.34531E+01
-0.56000E+01  0.34531E+01
-0.57000E+01  0.34530E+01
-0.58000E+01  0.34531E+01
-0.59000E+01  0.34531E+01
-0.60000E+01  0.34531E+01
-0.61000E+01  0.34531E+01
-0.62000E+01  0.34531E+01
-0.63000E+01  0.34530E+01
-0.64000E+01  0.34530E+01
-0.65000E+01  0.34529E+01
-0.66000E+01  0.34531E+01
-0.67000E+01  0.34531E+01
-0.68000E+01  0.34531E+01
-0.69000E+01  0.34535E+01
-0.70000E+01  0.34530E+01
-0.71000E+01  0.34529E+01
-0.72000E+01  0.34541E+01
-0.73000E+01  0.34531E+01
-0.74000E+01  0.34530E+01
-0.75000E+01  0.34532E+01
-0.76000E+01  0.34517E+01
-0.77000E+01  0.34548E+01
-0.78000E+01  0.34554E+01
-0.79000E+01  0.34557E+01
-0.80000E+01  0.34558E+01
 zone T = "Alge Var: Implicit",
 0.00000E+00  0.34531E+01
-0.10000E+00  0.36834E+01
-0.20000E+00  0.38762E+01
-0.30000E+00  0.40276E+01
-0.40000E+00  0.41253E+01
-0.50000E+00  0.41340E+01
-0.60000E+00  0.40287E+01
-0.70000E+00  0.40189E+01
-0.80000E+00  0.40300E+01
-0.90000E+00  0.40601E+01
-0.10000E+01  0.41250E+01
-0.11000E+01  0.42688E+01
-0.12000E+01  0.45653E+01
-0.13000E+01  0.51158E+01
-0.14000E+01  0.60439E+01
-0.15000E+01  0.74837E+01
-0.16000E+01  0.95855E+01
-0.17000E+01  0.12522E+02
-0.18000E+01  0.16473E+02
-0.19000E+01  0.21611E+02
-0.20000E+01  0.28126E+02
-0.21000E+01  0.36199E+02
-0.22000E+01  0.45953E+02
-0.23000E+01  0.57424E+02
-0.24000E+01  0.70501E+02
-0.25000E+01  0.84821E+02
-0.26000E+01  0.99637E+02
-0.27000E+01  0.11364E+03
-0.28000E+01  0.12479E+03
-0.29000E+01  0.13045E+03
-0.30000E+01  0.83937E+02
-0.31000E+01  0.95825E+02
-0.32000E+01  0.85920E+02
-0.33000E+01  0.96709E+02
-0.34000E+01  0.85725E+02
-0.35000E+01  0.76334E+02
-0.36000E+01  0.68997E+02
-0.37000E+01  0.63853E+02
-0.38000E+01  0.60809E+02
-0.39000E+01  0.59647E+02
-0.40000E+01  0.60105E+02
-0.41000E+01  0.61929E+02
-0.42000E+01  0.64884E+02
-0.43000E+01  0.68769E+02
-0.44000E+01  0.73413E+02
-0.45000E+01  0.78670E+02
-0.46000E+01  0.84422E+02
-0.47000E+01  0.90573E+02
-0.48000E+01  0.97044E+02
-0.49000E+01  0.10377E+03
-0.50000E+01  0.11070E+03
-0.51000E+01  0.11780E+03
-0.52000E+01  0.12502E+03
-0.53000E+01  0.13235E+03
-0.54000E+01  0.13883E+03
-0.55000E+01  0.14481E+03
-0.56000E+01  0.14987E+03
-0.57000E+01  0.15447E+03
-0.58000E+01  0.15865E+03
-0.59000E+01  0.16242E+03
-0.60000E+01  0.16566E+03
-0.61000E+01  0.16885E+03
-0.62000E+01  0.17130E+03
-0.63000E+01  0.17390E+03
-0.64000E+01  0.17609E+03
-0.65000E+01  0.17810E+03
-0.66000E+01  0.18000E+03
-0.67000E+01  0.18177E+03
-0.68000E+01  0.18326E+03
-0.69000E+01  0.18474E+03
-0.70000E+01  0.18605E+03
-0.71000E+01  0.18705E+03
-0.72000E+01  0.18823E+03
-0.73000E+01  0.18922E+03
-0.74000E+01  0.19033E+03
-0.75000E+01  0.19089E+03
-0.76000E+01  0.19152E+03
-0.77000E+01  0.19231E+03
-0.78000E+01  0.19306E+03
-0.79000E+01  0.19349E+03
-0.80000E+01  0.19405E+03
 zone T = "Diff Var: Predicted",
 0.00000E+00  0.19526E+01
-0.10000E+00  0.19469E+01
-0.20000E+00  0.19355E+01
-0.30000E+00  0.19175E+01
-0.40000E+00  0.19504E+01
-0.50000E+00  0.19757E+01
-0.60000E+00  0.19958E+01
-0.70000E+00  0.20116E+01
-0.80000E+00  0.20239E+01
-0.90000E+00  0.20326E+01
-0.10000E+01  0.20376E+01
-0.11000E+01  0.20376E+01
-0.12000E+01  0.20320E+01
-0.13000E+01  0.20197E+01
-0.14000E+01  0.20001E+01
-0.15000E+01  0.19733E+01
-0.16000E+01  0.19447E+01
-0.17000E+01  0.19150E+01
-0.18000E+01  0.18816E+01
-0.19000E+01  0.18449E+01
-0.20000E+01  0.18054E+01
-0.21000E+01  0.17638E+01
-0.22000E+01  0.17209E+01
-0.23000E+01  0.16758E+01
-0.24000E+01  0.16289E+01
-0.25000E+01  0.15811E+01
-0.26000E+01  0.15334E+01
-0.27000E+01  0.14866E+01
-0.28000E+01  0.14416E+01
-0.29000E+01  0.13991E+01
-0.30000E+01  0.13590E+01
-0.31000E+01  0.13212E+01
-0.32000E+01  0.12852E+01
-0.33000E+01  0.12505E+01
-0.34000E+01  0.12165E+01
-0.35000E+01  0.11834E+01
-0.36000E+01  0.11518E+01
-0.37000E+01  0.11225E+01
-0.38000E+01  0.10966E+01
-0.39000E+01  0.10746E+01
-0.40000E+01  0.10568E+01
-0.41000E+01  0.10429E+01
-0.42000E+01  0.10324E+01
-0.43000E+01  0.10246E+01
-0.44000E+01  0.10188E+01
-0.45000E+01  0.10147E+01
-0.46000E+01  0.10117E+01
-0.47000E+01  0.10095E+01
-0.48000E+01  0.10079E+01
-0.49000E+01  0.10068E+01
-0.50000E+01  0.10059E+01
-0.51000E+01  0.10053E+01
-0.52000E+01  0.10048E+01
-0.53000E+01  0.10044E+01
-0.54000E+01  0.10042E+01
-0.55000E+01  0.10040E+01
-0.56000E+01  0.10038E+01
-0.57000E+01  0.10037E+01
-0.58000E+01  0.10036E+01
-0.59000E+01  0.10035E+01
-0.60000E+01  0.10035E+01
-0.61000E+01  0.10034E+01
-0.62000E+01  0.10034E+01
-0.63000E+01  0.10034E+01
-0.64000E+01  0.10033E+01
-0.65000E+01  0.10033E+01
-0.66000E+01  0.10033E+01
-0.67000E+01  0.10033E+01
-0.68000E+01  0.10033E+01
-0.69000E+01  0.10033E+01
-0.70000E+01  0.10033E+01
-0.71000E+01  0.10033E+01
-0.72000E+01  0.10033E+01
-0.73000E+01  0.10033E+01
-0.74000E+01  0.10033E+01
-0.75000E+01  0.10033E+01
-0.76000E+01  0.10033E+01
-0.77000E+01  0.10033E+01
-0.78000E+01  0.10033E+01
-0.79000E+01  0.10033E+01
-0.80000E+01  0.10033E+01
 zone T = "Alge Var: Predicted",
 0.00000E+00  0.20017E+01
-0.10000E+00  0.20060E+01
-0.20000E+00  0.20111E+01
-0.30000E+00  0.20170E+01
-0.40000E+00  0.20236E+01
-0.50000E+00  0.20307E+01
-0.60000E+00  0.20381E+01
-0.70000E+00  0.20452E+01
-0.80000E+00  0.20516E+01
-0.90000E+00  0.20564E+01
-0.10000E+01  0.20588E+01
-0.11000E+01  0.20574E+01
-0.12000E+01  0.20511E+01
-0.13000E+01  0.20389E+01
-0.14000E+01  0.20207E+01
-0.15000E+01  0.19967E+01
-0.16000E+01  0.19677E+01
-0.17000E+01  0.19349E+01
-0.18000E+01  0.18991E+01
-0.19000E+01  0.18608E+01
-0.20000E+01  0.18204E+01
-0.21000E+01  0.17778E+01
-0.22000E+01  0.17332E+01
-0.23000E+01  0.16868E+01
-0.24000E+01  0.16390E+01
-0.25000E+01  0.15905E+01
-0.26000E+01  0.15420E+01
-0.27000E+01  0.14944E+01
-0.28000E+01  0.14487E+01
-0.29000E+01  0.14053E+01
-0.30000E+01  0.13646E+01
-0.31000E+01  0.13262E+01
-0.32000E+01  0.12897E+01
-0.33000E+01  0.12544E+01
-0.34000E+01  0.12198E+01
-0.35000E+01  0.11860E+01
-0.36000E+01  0.11537E+01
-0.37000E+01  0.11238E+01
-0.38000E+01  0.10973E+01
-0.39000E+01  0.10749E+01
-0.40000E+01  0.10566E+01
-0.41000E+01  0.10423E+01
-0.42000E+01  0.10314E+01
-0.43000E+01  0.10232E+01
-0.44000E+01  0.10172E+01
-0.45000E+01  0.10128E+01
-0.46000E+01  0.10096E+01
-0.47000E+01  0.10072E+01
-0.48000E+01  0.10055E+01
-0.49000E+01  0.10042E+01
-0.50000E+01  0.10032E+01
-0.51000E+01  0.10025E+01
-0.52000E+01  0.10019E+01
-0.53000E+01  0.10015E+01
-0.54000E+01  0.10012E+01
-0.55000E+01  0.10009E+01
-0.56000E+01  0.10007E+01
-0.57000E+01  0.10006E+01
-0.58000E+01  0.10005E+01
-0.59000E+01  0.10004E+01
-0.60000E+01  0.10003E+01
-0.61000E+01  0.10002E+01
-0.62000E+01  0.10002E+01
-0.63000E+01  0.10001E+01
-0.64000E+01  0.10001E+01
-0.65000E+01  0.10001E+01
-0.66000E+01  0.10001E+01
-0.67000E+01  0.10001E+01
-0.68000E+01  0.10000E+01
-0.69000E+01  0.10000E+01
-0.70000E+01  0.10000E+01
-0.71000E+01  0.10000E+01
-0.72000E+01  0.10000E+01
-0.73000E+01  0.10000E+01
-0.74000E+01  0.10000E+01
-0.75000E+01  0.10000E+01
-0.76000E+01  0.10000E+01
-0.77000E+01  0.10000E+01
-0.78000E+01  0.10000E+01
-0.79000E+01  0.10000E+01
-0.80000E+01  0.10000E+01
