 zone T = "Diff Var: Implicit",
 0.00000E+00  0.39990E+01
-0.10000E+00  0.40014E+01
-0.20000E+00  0.39157E+01
-0.30000E+00  0.39931E+01
-0.40000E+00  0.39945E+01
-0.50000E+00  0.39924E+01
-0.60000E+00  0.40360E+01
-0.70000E+00  0.40037E+01
-0.80000E+00  0.40018E+01
-0.90000E+00  0.40025E+01
-0.10000E+01  0.40127E+01
-0.11000E+01  0.40343E+01
-0.12000E+01  0.40802E+01
-0.13000E+01  0.41540E+01
-0.14000E+01  0.42455E+01
-0.15000E+01  0.43857E+01
-0.16000E+01  0.45350E+01
-0.17000E+01  0.46873E+01
-0.18000E+01  0.49041E+01
-0.19000E+01  0.54989E+01
-0.20000E+01  0.52973E+01
-0.21000E+01  0.49728E+01
-0.22000E+01  0.51266E+01
-0.23000E+01  0.49700E+01
-0.24000E+01  0.48905E+01
-0.25000E+01  0.49174E+01
-0.26000E+01  0.47542E+01
-0.27000E+01  0.45827E+01
-0.28000E+01  0.44091E+01
-0.29000E+01  0.42994E+01
-0.30000E+01  0.42125E+01
-0.31000E+01  0.41444E+01
-0.32000E+01  0.41011E+01
-0.33000E+01  0.40744E+01
-0.34000E+01  0.40500E+01
-0.35000E+01  0.40277E+01
-0.36000E+01  0.40237E+01
-0.37000E+01  0.40102E+01
-0.38000E+01  0.40105E+01
-0.39000E+01  0.40028E+01
-0.40000E+01  0.40047E+01
-0.41000E+01  0.40045E+01
-0.42000E+01  0.40064E+01
-0.43000E+01  0.39988E+01
-0.44000E+01  0.40017E+01
-0.45000E+01  0.40029E+01
-0.46000E+01  0.40052E+01
-0.47000E+01  0.40052E+01
-0.48000E+01  0.40044E+01
-0.49000E+01  0.39966E+01
-0.50000E+01  0.40056E+01
-0.51000E+01  0.40076E+01
-0.52000E+01  0.40085E+01
-0.53000E+01  0.40000E+01
-0.54000E+01  0.40019E+01
-0.55000E+01  0.40059E+01
-0.56000E+01  0.40077E+01
-0.57000E+01  0.40039E+01
-0.58000E+01  0.40006E+01
-0.59000E+01  0.40003E+01
-0.60000E+01  0.40022E+01
-0.61000E+01  0.40018E+01
-0.62000E+01  0.40028E+01
-0.63000E+01  0.40008E+01
-0.64000E+01  0.40059E+01
-0.65000E+01  0.40069E+01
-0.66000E+01  0.40037E+01
-0.67000E+01  0.39999E+01
-0.68000E+01  0.40016E+01
-0.69000E+01  0.39993E+01
-0.70000E+01  0.40052E+01
-0.71000E+01  0.40047E+01
-0.72000E+01  0.40042E+01
-0.73000E+01  0.40077E+01
-0.74000E+01  0.40055E+01
-0.75000E+01  0.40005E+01
-0.76000E+01  0.40063E+01
-0.77000E+01  0.40055E+01
-0.78000E+01  0.40040E+01
-0.79000E+01  0.40032E+01
-0.80000E+01  0.40019E+01
 zone T = "Alge Var: Implicit",
 0.00000E+00  0.40009E+01
-0.10000E+00  0.40000E+01
-0.20000E+00  0.40013E+01
-0.30000E+00  0.40052E+01
-0.40000E+00  0.40194E+01
-0.50000E+00  0.40393E+01
-0.60000E+00  0.40120E+01
-0.70000E+00  0.40027E+01
-0.80000E+00  0.40008E+01
-0.90000E+00  0.40018E+01
-0.10000E+01  0.40138E+01
-0.11000E+01  0.40343E+01
-0.12000E+01  0.40806E+01
-0.13000E+01  0.41555E+01
-0.14000E+01  0.42506E+01
-0.15000E+01  0.43682E+01
-0.16000E+01  0.46354E+01
-0.17000E+01  0.48688E+01
-0.18000E+01  0.50873E+01
-0.19000E+01  0.53371E+01
-0.20000E+01  0.51230E+01
-0.21000E+01  0.49744E+01
-0.22000E+01  0.48345E+01
-0.23000E+01  0.48398E+01
-0.24000E+01  0.47549E+01
-0.25000E+01  0.47231E+01
-0.26000E+01  0.46379E+01
-0.27000E+01  0.46680E+01
-0.28000E+01  0.44863E+01
-0.29000E+01  0.43672E+01
-0.30000E+01  0.42776E+01
-0.31000E+01  0.42370E+01
-0.32000E+01  0.41951E+01
-0.33000E+01  0.41240E+01
-0.34000E+01  0.41035E+01
-0.35000E+01  0.40698E+01
-0.36000E+01  0.40440E+01
-0.37000E+01  0.40375E+01
-0.38000E+01  0.40277E+01
-0.39000E+01  0.40302E+01
-0.40000E+01  0.40217E+01
-0.41000E+01  0.40235E+01
-0.42000E+01  0.40149E+01
-0.43000E+01  0.40114E+01
-0.44000E+01  0.40066E+01
-0.45000E+01  0.40139E+01
-0.46000E+01  0.40097E+01
-0.47000E+01  0.40096E+01
-0.48000E+01  0.40022E+01
-0.49000E+01  0.40017E+01
-0.50000E+01  0.40113E+01
-0.51000E+01  0.40087E+01
-0.52000E+01  0.40021E+01
-0.53000E+01  0.40008E+01
-0.54000E+01  0.40082E+01
-0.55000E+01  0.40016E+01
-0.56000E+01  0.40015E+01
-0.57000E+01  0.40052E+01
-0.58000E+01  0.40015E+01
-0.59000E+01  0.40034E+01
-0.60000E+01  0.40042E+01
-0.61000E+01  0.40004E+01
-0.62000E+01  0.40073E+01
-0.63000E+01  0.39909E+01
-0.64000E+01  0.39898E+01
-0.65000E+01  0.39867E+01
-0.66000E+01  0.39882E+01
-0.67000E+01  0.39962E+01
-0.68000E+01  0.40314E+01
-0.69000E+01  0.39920E+01
-0.70000E+01  0.40282E+01
-0.71000E+01  0.40140E+01
-0.72000E+01  0.39813E+01
-0.73000E+01  0.39831E+01
-0.74000E+01  0.41779E+01
-0.75000E+01  0.39389E+01
-0.76000E+01  0.39234E+01
-0.77000E+01  0.39115E+01
-0.78000E+01  0.39763E+01
-0.79000E+01  0.39073E+01
-0.80000E+01  0.38751E+01
 zone T = "Diff Var: Predicted",
 0.00000E+00  0.20040E+01
-0.10000E+00  0.20053E+01
-0.20000E+00  0.20072E+01
-0.30000E+00  0.20089E+01
-0.40000E+00  0.20104E+01
-0.50000E+00  0.20118E+01
-0.60000E+00  0.20122E+01
-0.70000E+00  0.20115E+01
-0.80000E+00  0.20096E+01
-0.90000E+00  0.20066E+01
-0.10000E+01  0.20027E+01
-0.11000E+01  0.19982E+01
-0.12000E+01  0.19936E+01
-0.13000E+01  0.19903E+01
-0.14000E+01  0.19887E+01
-0.15000E+01  0.19884E+01
-0.16000E+01  0.19889E+01
-0.17000E+01  0.19898E+01
-0.18000E+01  0.19909E+01
-0.19000E+01  0.19921E+01
-0.20000E+01  0.19933E+01
-0.21000E+01  0.19945E+01
-0.22000E+01  0.19955E+01
-0.23000E+01  0.19964E+01
-0.24000E+01  0.19972E+01
-0.25000E+01  0.19979E+01
-0.26000E+01  0.19984E+01
-0.27000E+01  0.19989E+01
-0.28000E+01  0.19992E+01
-0.29000E+01  0.19995E+01
-0.30000E+01  0.19997E+01
-0.31000E+01  0.19999E+01
-0.32000E+01  0.20000E+01
-0.33000E+01  0.20001E+01
-0.34000E+01  0.20001E+01
-0.35000E+01  0.20002E+01
-0.36000E+01  0.20002E+01
-0.37000E+01  0.20002E+01
-0.38000E+01  0.20002E+01
-0.39000E+01  0.20002E+01
-0.40000E+01  0.20002E+01
-0.41000E+01  0.20002E+01
-0.42000E+01  0.20002E+01
-0.43000E+01  0.20002E+01
-0.44000E+01  0.20002E+01
-0.45000E+01  0.20002E+01
-0.46000E+01  0.20002E+01
-0.47000E+01  0.20002E+01
-0.48000E+01  0.20002E+01
-0.49000E+01  0.20002E+01
-0.50000E+01  0.20002E+01
-0.51000E+01  0.20002E+01
-0.52000E+01  0.20002E+01
-0.53000E+01  0.20002E+01
-0.54000E+01  0.20002E+01
-0.55000E+01  0.20002E+01
-0.56000E+01  0.20002E+01
-0.57000E+01  0.20002E+01
-0.58000E+01  0.20002E+01
-0.59000E+01  0.20002E+01
-0.60000E+01  0.20002E+01
-0.61000E+01  0.20002E+01
-0.62000E+01  0.20002E+01
-0.63000E+01  0.20002E+01
-0.64000E+01  0.20002E+01
-0.65000E+01  0.20002E+01
-0.66000E+01  0.20002E+01
-0.67000E+01  0.20002E+01
-0.68000E+01  0.20002E+01
-0.69000E+01  0.20002E+01
-0.70000E+01  0.20002E+01
-0.71000E+01  0.20002E+01
-0.72000E+01  0.20002E+01
-0.73000E+01  0.20002E+01
-0.74000E+01  0.20002E+01
-0.75000E+01  0.20002E+01
-0.76000E+01  0.20002E+01
-0.77000E+01  0.20002E+01
-0.78000E+01  0.20002E+01
-0.79000E+01  0.20002E+01
-0.80000E+01  0.20002E+01
 zone T = "Alge Var: Predicted",
 0.00000E+00  0.20048E+01
-0.10000E+00  0.20068E+01
-0.20000E+00  0.20092E+01
-0.30000E+00  0.20121E+01
-0.40000E+00  0.20144E+01
-0.50000E+00  0.20183E+01
-0.60000E+00  0.20227E+01
-0.70000E+00  0.20269E+01
-0.80000E+00  0.20314E+01
-0.90000E+00  0.20352E+01
-0.10000E+01  0.20377E+01
-0.11000E+01  0.20380E+01
-0.12000E+01  0.20351E+01
-0.13000E+01  0.20286E+01
-0.14000E+01  0.20184E+01
-0.15000E+01  0.20046E+01
-0.16000E+01  0.19880E+01
-0.17000E+01  0.19694E+01
-0.18000E+01  0.19493E+01
-0.19000E+01  0.19285E+01
-0.20000E+01  0.19073E+01
-0.21000E+01  0.18860E+01
-0.22000E+01  0.18652E+01
-0.23000E+01  0.18453E+01
-0.24000E+01  0.18269E+01
-0.25000E+01  0.18107E+01
-0.26000E+01  0.17975E+01
-0.27000E+01  0.17879E+01
-0.28000E+01  0.17824E+01
-0.29000E+01  0.17812E+01
-0.30000E+01  0.17841E+01
-0.31000E+01  0.17905E+01
-0.32000E+01  0.17996E+01
-0.33000E+01  0.18104E+01
-0.34000E+01  0.18222E+01
-0.35000E+01  0.18347E+01
-0.36000E+01  0.18476E+01
-0.37000E+01  0.18611E+01
-0.38000E+01  0.18753E+01
-0.39000E+01  0.18900E+01
-0.40000E+01  0.19049E+01
-0.41000E+01  0.19196E+01
-0.42000E+01  0.19336E+01
-0.43000E+01  0.19465E+01
-0.44000E+01  0.19580E+01
-0.45000E+01  0.19682E+01
-0.46000E+01  0.19768E+01
-0.47000E+01  0.19842E+01
-0.48000E+01  0.19903E+01
-0.49000E+01  0.19953E+01
-0.50000E+01  0.19994E+01
-0.51000E+01  0.20028E+01
-0.52000E+01  0.20055E+01
-0.53000E+01  0.20077E+01
-0.54000E+01  0.20094E+01
-0.55000E+01  0.20108E+01
-0.56000E+01  0.20120E+01
-0.57000E+01  0.20129E+01
-0.58000E+01  0.20136E+01
-0.59000E+01  0.20142E+01
-0.60000E+01  0.20146E+01
-0.61000E+01  0.20150E+01
-0.62000E+01  0.20153E+01
-0.63000E+01  0.20155E+01
-0.64000E+01  0.20157E+01
-0.65000E+01  0.20158E+01
-0.66000E+01  0.20159E+01
-0.67000E+01  0.20160E+01
-0.68000E+01  0.20161E+01
-0.69000E+01  0.20162E+01
-0.70000E+01  0.20162E+01
-0.71000E+01  0.20163E+01
-0.72000E+01  0.20163E+01
-0.73000E+01  0.20163E+01
-0.74000E+01  0.20163E+01
-0.75000E+01  0.20163E+01
-0.76000E+01  0.20163E+01
-0.77000E+01  0.20164E+01
-0.78000E+01  0.20164E+01
-0.79000E+01  0.20164E+01
-0.80000E+01  0.20164E+01
