 zone T = "Diff Var: Implicit",
 0.00000E+00  0.39418E+01
-0.10000E+00  0.39452E+01
-0.20000E+00  0.39609E+01
-0.30000E+00  0.39889E+01
-0.40000E+00  0.40011E+01
-0.50000E+00  0.40080E+01
-0.60000E+00  0.40112E+01
-0.70000E+00  0.39928E+01
-0.80000E+00  0.39424E+01
-0.90000E+00  0.38263E+01
-0.10000E+01  0.37321E+01
-0.11000E+01  0.35936E+01
-0.12000E+01  0.35377E+01
-0.13000E+01  0.33554E+01
-0.14000E+01  0.31639E+01
-0.15000E+01  0.34727E+01
-0.16000E+01  0.34148E+01
-0.17000E+01  0.34599E+01
-0.18000E+01  0.34166E+01
-0.19000E+01  0.36449E+01
-0.20000E+01  0.33378E+01
-0.21000E+01  0.33133E+01
-0.22000E+01  0.32830E+01
-0.23000E+01  0.36020E+01
-0.24000E+01  0.33694E+01
-0.25000E+01  0.37521E+01
-0.26000E+01  0.37747E+01
-0.27000E+01  0.38186E+01
-0.28000E+01  0.39501E+01
-0.29000E+01  0.39480E+01
-0.30000E+01  0.40448E+01
-0.31000E+01  0.40948E+01
-0.32000E+01  0.42033E+01
-0.33000E+01  0.44192E+01
-0.34000E+01  0.43538E+01
-0.35000E+01  0.46134E+01
-0.36000E+01  0.47055E+01
-0.37000E+01  0.46951E+01
-0.38000E+01  0.46723E+01
-0.39000E+01  0.46126E+01
-0.40000E+01  0.45408E+01
-0.41000E+01  0.44138E+01
-0.42000E+01  0.43984E+01
-0.43000E+01  0.43894E+01
-0.44000E+01  0.43832E+01
-0.45000E+01  0.43799E+01
-0.46000E+01  0.43778E+01
-0.47000E+01  0.43771E+01
-0.48000E+01  0.43755E+01
-0.49000E+01  0.43749E+01
-0.50000E+01  0.43747E+01
-0.51000E+01  0.43748E+01
-0.52000E+01  0.43746E+01
-0.53000E+01  0.43744E+01
-0.54000E+01  0.43748E+01
-0.55000E+01  0.43750E+01
-0.56000E+01  0.43743E+01
-0.57000E+01  0.43743E+01
-0.58000E+01  0.43747E+01
-0.59000E+01  0.43747E+01
-0.60000E+01  0.43741E+01
-0.61000E+01  0.43751E+01
-0.62000E+01  0.43748E+01
-0.63000E+01  0.43753E+01
-0.64000E+01  0.43743E+01
-0.65000E+01  0.43750E+01
-0.66000E+01  0.43744E+01
-0.67000E+01  0.43751E+01
-0.68000E+01  0.43750E+01
-0.69000E+01  0.43746E+01
-0.70000E+01  0.43752E+01
-0.71000E+01  0.43747E+01
-0.72000E+01  0.43751E+01
-0.73000E+01  0.43748E+01
-0.74000E+01  0.43751E+01
-0.75000E+01  0.43749E+01
-0.76000E+01  0.43749E+01
-0.77000E+01  0.43749E+01
-0.78000E+01  0.43745E+01
-0.79000E+01  0.43752E+01
-0.80000E+01  0.43745E+01
 zone T = "Alge Var: Implicit",
 0.00000E+00  0.39986E+01
-0.10000E+00  0.40020E+01
-0.20000E+00  0.39996E+01
-0.30000E+00  0.39851E+01
-0.40000E+00  0.39496E+01
-0.50000E+00  0.38876E+01
-0.60000E+00  0.38054E+01
-0.70000E+00  0.37135E+01
-0.80000E+00  0.36144E+01
-0.90000E+00  0.34983E+01
-0.10000E+01  0.33076E+01
-0.11000E+01  0.32794E+01
-0.12000E+01  0.32090E+01
-0.13000E+01  0.30989E+01
-0.14000E+01  0.30598E+01
-0.15000E+01  0.31692E+01
-0.16000E+01  0.30992E+01
-0.17000E+01  0.29814E+01
-0.18000E+01  0.28774E+01
-0.19000E+01  0.30168E+01
-0.20000E+01  0.27312E+01
-0.21000E+01  0.26806E+01
-0.22000E+01  0.27780E+01
-0.23000E+01  0.28439E+01
-0.24000E+01  0.25600E+01
-0.25000E+01  0.27688E+01
-0.26000E+01  0.27288E+01
-0.27000E+01  0.26923E+01
-0.28000E+01  0.27461E+01
-0.29000E+01  0.26148E+01
-0.30000E+01  0.26570E+01
-0.31000E+01  0.27785E+01
-0.32000E+01  0.28402E+01
-0.33000E+01  0.29148E+01
-0.34000E+01  0.29287E+01
-0.35000E+01  0.29429E+01
-0.36000E+01  0.30959E+01
-0.37000E+01  0.30625E+01
-0.38000E+01  0.30954E+01
-0.39000E+01  0.31476E+01
-0.40000E+01  0.31794E+01
-0.41000E+01  0.31568E+01
-0.42000E+01  0.32217E+01
-0.43000E+01  0.32887E+01
-0.44000E+01  0.33566E+01
-0.45000E+01  0.34301E+01
-0.46000E+01  0.35311E+01
-0.47000E+01  0.37051E+01
-0.48000E+01  0.37554E+01
-0.49000E+01  0.38061E+01
-0.50000E+01  0.38900E+01
-0.51000E+01  0.40160E+01
-0.52000E+01  0.41831E+01
-0.53000E+01  0.42386E+01
-0.54000E+01  0.43375E+01
-0.55000E+01  0.43098E+01
-0.56000E+01  0.43921E+01
-0.57000E+01  0.43342E+01
-0.58000E+01  0.43832E+01
-0.59000E+01  0.44272E+01
-0.60000E+01  0.44031E+01
-0.61000E+01  0.43649E+01
-0.62000E+01  0.43624E+01
-0.63000E+01  0.43807E+01
-0.64000E+01  0.44051E+01
-0.65000E+01  0.43813E+01
-0.66000E+01  0.43702E+01
-0.67000E+01  0.43771E+01
-0.68000E+01  0.43932E+01
-0.69000E+01  0.44070E+01
-0.70000E+01  0.43730E+01
-0.71000E+01  0.43825E+01
-0.72000E+01  0.43426E+01
-0.73000E+01  0.43529E+01
-0.74000E+01  0.43513E+01
-0.75000E+01  0.43297E+01
-0.76000E+01  0.43234E+01
-0.77000E+01  0.43439E+01
-0.78000E+01  0.42937E+01
-0.79000E+01  0.43950E+01
-0.80000E+01  0.43485E+01
 zone T = "Diff Var: Predicted",
 0.00000E+00  0.18833E+01
-0.10000E+00  0.18860E+01
-0.20000E+00  0.18890E+01
-0.30000E+00  0.18921E+01
-0.40000E+00  0.18953E+01
-0.50000E+00  0.18983E+01
-0.60000E+00  0.19010E+01
-0.70000E+00  0.19031E+01
-0.80000E+00  0.19046E+01
-0.90000E+00  0.19055E+01
-0.10000E+01  0.19056E+01
-0.11000E+01  0.19052E+01
-0.12000E+01  0.19044E+01
-0.13000E+01  0.19033E+01
-0.14000E+01  0.19020E+01
-0.15000E+01  0.20498E+01
-0.16000E+01  0.20585E+01
-0.17000E+01  0.20493E+01
-0.18000E+01  0.20572E+01
-0.19000E+01  0.21718E+01
-0.20000E+01  0.20460E+01
-0.21000E+01  0.20441E+01
-0.22000E+01  0.20597E+01
-0.23000E+01  0.21505E+01
-0.24000E+01  0.20568E+01
-0.25000E+01  0.21989E+01
-0.26000E+01  0.22012E+01
-0.27000E+01  0.22004E+01
-0.28000E+01  0.22373E+01
-0.29000E+01  0.21994E+01
-0.30000E+01  0.21989E+01
-0.31000E+01  0.21698E+01
-0.32000E+01  0.21153E+01
-0.33000E+01  0.22645E+01
-0.34000E+01  0.21496E+01
-0.35000E+01  0.22713E+01
-0.36000E+01  0.22496E+01
-0.37000E+01  0.22482E+01
-0.38000E+01  0.22164E+01
-0.39000E+01  0.22162E+01
-0.40000E+01  0.22159E+01
-0.41000E+01  0.21746E+01
-0.42000E+01  0.21745E+01
-0.43000E+01  0.21745E+01
-0.44000E+01  0.21744E+01
-0.45000E+01  0.21744E+01
-0.46000E+01  0.21744E+01
-0.47000E+01  0.21744E+01
-0.48000E+01  0.21743E+01
-0.49000E+01  0.21743E+01
-0.50000E+01  0.21743E+01
-0.51000E+01  0.21743E+01
-0.52000E+01  0.21743E+01
-0.53000E+01  0.21743E+01
-0.54000E+01  0.21743E+01
-0.55000E+01  0.21743E+01
-0.56000E+01  0.21743E+01
-0.57000E+01  0.21743E+01
-0.58000E+01  0.21743E+01
-0.59000E+01  0.21743E+01
-0.60000E+01  0.21743E+01
-0.61000E+01  0.21743E+01
-0.62000E+01  0.21743E+01
-0.63000E+01  0.21743E+01
-0.64000E+01  0.21743E+01
-0.65000E+01  0.21743E+01
-0.66000E+01  0.21743E+01
-0.67000E+01  0.21743E+01
-0.68000E+01  0.21743E+01
-0.69000E+01  0.21743E+01
-0.70000E+01  0.21743E+01
-0.71000E+01  0.21743E+01
-0.72000E+01  0.21743E+01
-0.73000E+01  0.21743E+01
-0.74000E+01  0.21743E+01
-0.75000E+01  0.21743E+01
-0.76000E+01  0.21743E+01
-0.77000E+01  0.21743E+01
-0.78000E+01  0.21743E+01
-0.79000E+01  0.21743E+01
-0.80000E+01  0.21743E+01
 zone T = "Alge Var: Predicted",
 0.00000E+00  0.19855E+01
-0.10000E+00  0.19861E+01
-0.20000E+00  0.19859E+01
-0.30000E+00  0.19847E+01
-0.40000E+00  0.19819E+01
-0.50000E+00  0.19771E+01
-0.60000E+00  0.19698E+01
-0.70000E+00  0.19599E+01
-0.80000E+00  0.19473E+01
-0.90000E+00  0.19321E+01
-0.10000E+01  0.19150E+01
-0.11000E+01  0.18967E+01
-0.12000E+01  0.18780E+01
-0.13000E+01  0.18594E+01
-0.14000E+01  0.18417E+01
-0.15000E+01  0.19810E+01
-0.16000E+01  0.19935E+01
-0.17000E+01  0.19171E+01
-0.18000E+01  0.19801E+01
-0.19000E+01  0.20796E+01
-0.20000E+01  0.19264E+01
-0.21000E+01  0.19227E+01
-0.22000E+01  0.20663E+01
-0.23000E+01  0.20420E+01
-0.24000E+01  0.19741E+01
-0.25000E+01  0.21591E+01
-0.26000E+01  0.21531E+01
-0.27000E+01  0.21577E+01
-0.28000E+01  0.22141E+01
-0.29000E+01  0.21762E+01
-0.30000E+01  0.21724E+01
-0.31000E+01  0.22147E+01
-0.32000E+01  0.23263E+01
-0.33000E+01  0.22978E+01
-0.34000E+01  0.23752E+01
-0.35000E+01  0.23579E+01
-0.36000E+01  0.23532E+01
-0.37000E+01  0.23368E+01
-0.38000E+01  0.22791E+01
-0.39000E+01  0.22946E+01
-0.40000E+01  0.22983E+01
-0.41000E+01  0.22377E+01
-0.42000E+01  0.22395E+01
-0.43000E+01  0.22410E+01
-0.44000E+01  0.22422E+01
-0.45000E+01  0.22431E+01
-0.46000E+01  0.22439E+01
-0.47000E+01  0.22445E+01
-0.48000E+01  0.22450E+01
-0.49000E+01  0.22454E+01
-0.50000E+01  0.22457E+01
-0.51000E+01  0.22459E+01
-0.52000E+01  0.22461E+01
-0.53000E+01  0.22462E+01
-0.54000E+01  0.22463E+01
-0.55000E+01  0.22463E+01
-0.56000E+01  0.22463E+01
-0.57000E+01  0.22463E+01
-0.58000E+01  0.22463E+01
-0.59000E+01  0.22463E+01
-0.60000E+01  0.22463E+01
-0.61000E+01  0.22463E+01
-0.62000E+01  0.22463E+01
-0.63000E+01  0.22463E+01
-0.64000E+01  0.22463E+01
-0.65000E+01  0.22463E+01
-0.66000E+01  0.22463E+01
-0.67000E+01  0.22463E+01
-0.68000E+01  0.22463E+01
-0.69000E+01  0.22463E+01
-0.70000E+01  0.22463E+01
-0.71000E+01  0.22463E+01
-0.72000E+01  0.22463E+01
-0.73000E+01  0.22463E+01
-0.74000E+01  0.22463E+01
-0.75000E+01  0.22463E+01
-0.76000E+01  0.22463E+01
-0.77000E+01  0.22463E+01
-0.78000E+01  0.22463E+01
-0.79000E+01  0.22463E+01
-0.80000E+01  0.22463E+01
