 zone T = "Diff Var: Implicit",
 0.00000E+00  0.39856E+01
-0.10000E+00  0.39930E+01
-0.20000E+00  0.40078E+01
-0.30000E+00  0.40346E+01
-0.40000E+00  0.40736E+01
-0.50000E+00  0.41472E+01
-0.60000E+00  0.43781E+01
-0.70000E+00  0.40349E+01
-0.80000E+00  0.37000E+01
-0.90000E+00  0.33370E+01
-0.10000E+01  0.33500E+01
-0.11000E+01  0.33128E+01
-0.12000E+01  0.33905E+01
-0.13000E+01  0.34253E+01
-0.14000E+01  0.34310E+01
-0.15000E+01  0.34336E+01
-0.16000E+01  0.34420E+01
-0.17000E+01  0.34646E+01
-0.18000E+01  0.35176E+01
-0.19000E+01  0.36068E+01
-0.20000E+01  0.37018E+01
-0.21000E+01  0.38108E+01
-0.22000E+01  0.38130E+01
-0.23000E+01  0.38585E+01
-0.24000E+01  0.38222E+01
-0.25000E+01  0.37523E+01
-0.26000E+01  0.36206E+01
-0.27000E+01  0.35609E+01
-0.28000E+01  0.35422E+01
-0.29000E+01  0.35679E+01
-0.30000E+01  0.35673E+01
-0.31000E+01  0.36130E+01
-0.32000E+01  0.36518E+01
-0.33000E+01  0.36970E+01
-0.34000E+01  0.37582E+01
-0.35000E+01  0.38140E+01
-0.36000E+01  0.38660E+01
-0.37000E+01  0.39264E+01
-0.38000E+01  0.39659E+01
-0.39000E+01  0.40131E+01
-0.40000E+01  0.40378E+01
-0.41000E+01  0.40878E+01
-0.42000E+01  0.40556E+01
-0.43000E+01  0.39808E+01
-0.44000E+01  0.39003E+01
-0.45000E+01  0.38609E+01
-0.46000E+01  0.38353E+01
-0.47000E+01  0.38177E+01
-0.48000E+01  0.38038E+01
-0.49000E+01  0.37939E+01
-0.50000E+01  0.37864E+01
-0.51000E+01  0.37808E+01
-0.52000E+01  0.37762E+01
-0.53000E+01  0.37726E+01
-0.54000E+01  0.37702E+01
-0.55000E+01  0.37682E+01
-0.56000E+01  0.37660E+01
-0.57000E+01  0.37647E+01
-0.58000E+01  0.37639E+01
-0.59000E+01  0.37630E+01
-0.60000E+01  0.37620E+01
-0.61000E+01  0.37621E+01
-0.62000E+01  0.37615E+01
-0.63000E+01  0.37615E+01
-0.64000E+01  0.37606E+01
-0.65000E+01  0.37608E+01
-0.66000E+01  0.37603E+01
-0.67000E+01  0.37606E+01
-0.68000E+01  0.37605E+01
-0.69000E+01  0.37601E+01
-0.70000E+01  0.37604E+01
-0.71000E+01  0.37600E+01
-0.72000E+01  0.37603E+01
-0.73000E+01  0.37600E+01
-0.74000E+01  0.37602E+01
-0.75000E+01  0.37600E+01
-0.76000E+01  0.37600E+01
-0.77000E+01  0.37600E+01
-0.78000E+01  0.37598E+01
-0.79000E+01  0.37602E+01
-0.80000E+01  0.37598E+01
 zone T = "Alge Var: Implicit",
 0.00000E+00  0.39748E+01
-0.10000E+00  0.39823E+01
-0.20000E+00  0.39931E+01
-0.30000E+00  0.40084E+01
-0.40000E+00  0.40303E+01
-0.50000E+00  0.40620E+01
-0.60000E+00  0.41083E+01
-0.70000E+00  0.41802E+01
-0.80000E+00  0.43194E+01
-0.90000E+00  0.54453E+01
-0.10000E+01  0.40395E+01
-0.11000E+01  0.37673E+01
-0.12000E+01  0.36011E+01
-0.13000E+01  0.34424E+01
-0.14000E+01  0.32979E+01
-0.15000E+01  0.31606E+01
-0.16000E+01  0.30269E+01
-0.17000E+01  0.28956E+01
-0.18000E+01  0.27622E+01
-0.19000E+01  0.26087E+01
-0.20000E+01  0.25514E+01
-0.21000E+01  0.24894E+01
-0.22000E+01  0.24042E+01
-0.23000E+01  0.23039E+01
-0.24000E+01  0.23515E+01
-0.25000E+01  0.23316E+01
-0.26000E+01  0.23116E+01
-0.27000E+01  0.22772E+01
-0.28000E+01  0.22909E+01
-0.29000E+01  0.23292E+01
-0.30000E+01  0.23899E+01
-0.31000E+01  0.24513E+01
-0.32000E+01  0.25041E+01
-0.33000E+01  0.25568E+01
-0.34000E+01  0.26362E+01
-0.35000E+01  0.27054E+01
-0.36000E+01  0.27651E+01
-0.37000E+01  0.28171E+01
-0.38000E+01  0.28714E+01
-0.39000E+01  0.29422E+01
-0.40000E+01  0.30348E+01
-0.41000E+01  0.31342E+01
-0.42000E+01  0.32690E+01
-0.43000E+01  0.32896E+01
-0.44000E+01  0.33714E+01
-0.45000E+01  0.34806E+01
-0.46000E+01  0.35749E+01
-0.47000E+01  0.37172E+01
-0.48000E+01  0.37846E+01
-0.49000E+01  0.37699E+01
-0.50000E+01  0.38093E+01
-0.51000E+01  0.38240E+01
-0.52000E+01  0.38861E+01
-0.53000E+01  0.39149E+01
-0.54000E+01  0.38301E+01
-0.55000E+01  0.38151E+01
-0.56000E+01  0.38240E+01
-0.57000E+01  0.39199E+01
-0.58000E+01  0.38264E+01
-0.59000E+01  0.38188E+01
-0.60000E+01  0.38259E+01
-0.61000E+01  0.38635E+01
-0.62000E+01  0.38434E+01
-0.63000E+01  0.38142E+01
-0.64000E+01  0.37962E+01
-0.65000E+01  0.37878E+01
-0.66000E+01  0.37792E+01
-0.67000E+01  0.37700E+01
-0.68000E+01  0.37802E+01
-0.69000E+01  0.37654E+01
-0.70000E+01  0.37749E+01
-0.71000E+01  0.37580E+01
-0.72000E+01  0.37560E+01
-0.73000E+01  0.37627E+01
-0.74000E+01  0.37731E+01
-0.75000E+01  0.37615E+01
-0.76000E+01  0.37554E+01
-0.77000E+01  0.38466E+01
-0.78000E+01  0.37635E+01
-0.79000E+01  0.37910E+01
-0.80000E+01  0.37309E+01
 zone T = "Diff Var: Predicted",
 0.00000E+00  0.39049E+01
-0.10000E+00  0.38913E+01
-0.20000E+00  0.38745E+01
-0.30000E+00  0.38536E+01
-0.40000E+00  0.38288E+01
-0.50000E+00  0.37987E+01
-0.60000E+00  0.37628E+01
-0.70000E+00  0.37199E+01
-0.80000E+00  0.36694E+01
-0.90000E+00  0.36111E+01
-0.10000E+01  0.35447E+01
-0.11000E+01  0.34713E+01
-0.12000E+01  0.33956E+01
-0.13000E+01  0.33240E+01
-0.14000E+01  0.32544E+01
-0.15000E+01  0.31845E+01
-0.16000E+01  0.31204E+01
-0.17000E+01  0.30633E+01
-0.18000E+01  0.30159E+01
-0.19000E+01  0.29791E+01
-0.20000E+01  0.29539E+01
-0.21000E+01  0.29408E+01
-0.22000E+01  0.29405E+01
-0.23000E+01  0.29530E+01
-0.24000E+01  0.29782E+01
-0.25000E+01  0.30157E+01
-0.26000E+01  0.30645E+01
-0.27000E+01  0.31235E+01
-0.28000E+01  0.31910E+01
-0.29000E+01  0.32646E+01
-0.30000E+01  0.33417E+01
-0.31000E+01  0.34193E+01
-0.32000E+01  0.34947E+01
-0.33000E+01  0.35659E+01
-0.34000E+01  0.36305E+01
-0.35000E+01  0.36870E+01
-0.36000E+01  0.37342E+01
-0.37000E+01  0.37719E+01
-0.38000E+01  0.38002E+01
-0.39000E+01  0.38203E+01
-0.40000E+01  0.38336E+01
-0.41000E+01  0.38418E+01
-0.42000E+01  0.38464E+01
-0.43000E+01  0.38486E+01
-0.44000E+01  0.38495E+01
-0.45000E+01  0.38495E+01
-0.46000E+01  0.38491E+01
-0.47000E+01  0.38485E+01
-0.48000E+01  0.38479E+01
-0.49000E+01  0.38473E+01
-0.50000E+01  0.38467E+01
-0.51000E+01  0.38462E+01
-0.52000E+01  0.38458E+01
-0.53000E+01  0.38455E+01
-0.54000E+01  0.38452E+01
-0.55000E+01  0.38450E+01
-0.56000E+01  0.38448E+01
-0.57000E+01  0.38447E+01
-0.58000E+01  0.38445E+01
-0.59000E+01  0.38444E+01
-0.60000E+01  0.38444E+01
-0.61000E+01  0.38443E+01
-0.62000E+01  0.38442E+01
-0.63000E+01  0.38442E+01
-0.64000E+01  0.38442E+01
-0.65000E+01  0.38442E+01
-0.66000E+01  0.38441E+01
-0.67000E+01  0.38441E+01
-0.68000E+01  0.38441E+01
-0.69000E+01  0.38441E+01
-0.70000E+01  0.38441E+01
-0.71000E+01  0.38441E+01
-0.72000E+01  0.38441E+01
-0.73000E+01  0.38441E+01
-0.74000E+01  0.38441E+01
-0.75000E+01  0.38441E+01
-0.76000E+01  0.38441E+01
-0.77000E+01  0.38441E+01
-0.78000E+01  0.38441E+01
-0.79000E+01  0.38441E+01
-0.80000E+01  0.38441E+01
 zone T = "Alge Var: Predicted",
 0.00000E+00  0.39252E+01
-0.10000E+00  0.38390E+01
-0.20000E+00  0.37550E+01
-0.30000E+00  0.36784E+01
-0.40000E+00  0.36326E+01
-0.50000E+00  0.35584E+01
-0.60000E+00  0.35448E+01
-0.70000E+00  0.35034E+01
-0.80000E+00  0.34525E+01
-0.90000E+00  0.33937E+01
-0.10000E+01  0.33251E+01
-0.11000E+01  0.32428E+01
-0.12000E+01  0.31411E+01
-0.13000E+01  0.30777E+01
-0.14000E+01  0.29942E+01
-0.15000E+01  0.28999E+01
-0.16000E+01  0.28098E+01
-0.17000E+01  0.27194E+01
-0.18000E+01  0.26264E+01
-0.19000E+01  0.25377E+01
-0.20000E+01  0.24514E+01
-0.21000E+01  0.23712E+01
-0.22000E+01  0.22987E+01
-0.23000E+01  0.22369E+01
-0.24000E+01  0.21862E+01
-0.25000E+01  0.21492E+01
-0.26000E+01  0.21251E+01
-0.27000E+01  0.21147E+01
-0.28000E+01  0.21166E+01
-0.29000E+01  0.21301E+01
-0.30000E+01  0.21536E+01
-0.31000E+01  0.21851E+01
-0.32000E+01  0.22227E+01
-0.33000E+01  0.22645E+01
-0.34000E+01  0.23091E+01
-0.35000E+01  0.23550E+01
-0.36000E+01  0.24011E+01
-0.37000E+01  0.24466E+01
-0.38000E+01  0.24908E+01
-0.39000E+01  0.25333E+01
-0.40000E+01  0.25736E+01
-0.41000E+01  0.26114E+01
-0.42000E+01  0.26465E+01
-0.43000E+01  0.26788E+01
-0.44000E+01  0.27082E+01
-0.45000E+01  0.27347E+01
-0.46000E+01  0.27583E+01
-0.47000E+01  0.27792E+01
-0.48000E+01  0.27973E+01
-0.49000E+01  0.28128E+01
-0.50000E+01  0.28242E+01
-0.51000E+01  0.28131E+01
-0.52000E+01  0.28047E+01
-0.53000E+01  0.27983E+01
-0.54000E+01  0.27933E+01
-0.55000E+01  0.27894E+01
-0.56000E+01  0.27864E+01
-0.57000E+01  0.27840E+01
-0.58000E+01  0.27822E+01
-0.59000E+01  0.27807E+01
-0.60000E+01  0.27795E+01
-0.61000E+01  0.27786E+01
-0.62000E+01  0.27779E+01
-0.63000E+01  0.27773E+01
-0.64000E+01  0.27769E+01
-0.65000E+01  0.27765E+01
-0.66000E+01  0.27762E+01
-0.67000E+01  0.27760E+01
-0.68000E+01  0.27758E+01
-0.69000E+01  0.27757E+01
-0.70000E+01  0.27755E+01
-0.71000E+01  0.27755E+01
-0.72000E+01  0.27754E+01
-0.73000E+01  0.27753E+01
-0.74000E+01  0.27753E+01
-0.75000E+01  0.27752E+01
-0.76000E+01  0.27752E+01
-0.77000E+01  0.27752E+01
-0.78000E+01  0.27752E+01
-0.79000E+01  0.27752E+01
-0.80000E+01  0.27751E+01
