 zone T = "ep =  1. ",
 0.11461E+01 -0.52796E+01
 0.11961E+01 -0.54748E+01
 0.12461E+01 -0.56924E+01
 0.12961E+01 -0.59252E+01
 0.13461E+01 -0.61684E+01
 0.13961E+01 -0.64147E+01
 0.14461E+01 -0.66416E+01
 0.14961E+01 -0.68589E+01
 0.15461E+01 -0.70928E+01
 0.15961E+01 -0.73391E+01
 0.16461E+01 -0.75749E+01
 0.16961E+01 -0.78082E+01
 0.17461E+01 -0.80594E+01
 0.17961E+01 -0.82906E+01
 0.18461E+01 -0.85417E+01
 0.18961E+01 -0.87756E+01
 0.19461E+01 -0.90217E+01
 0.19961E+01 -0.92693E+01
 0.20461E+01 -0.95128E+01
 0.20961E+01 -0.97569E+01
 0.21461E+01 -0.10005E+02
 0.21961E+01 -0.10249E+02
 0.22461E+01 -0.10493E+02
 0.22961E+01 -0.10743E+02
 0.23461E+01 -0.10988E+02
 0.23961E+01 -0.11234E+02
 0.24461E+01 -0.11483E+02
 0.24961E+01 -0.11729E+02
 0.25461E+01 -0.11977E+02
 0.25961E+01 -0.12221E+02
 0.26461E+01 -0.12460E+02
 0.26961E+01 -0.12703E+02
 0.27461E+01 -0.12924E+02
 0.27961E+01 -0.13144E+02
 0.28461E+01 -0.13344E+02
 0.28961E+01 -0.13501E+02
 0.29461E+01 -0.13676E+02
 0.29961E+01 -0.13724E+02
 0.30461E+01 -0.13773E+02
 0.30961E+01 -0.13890E+02
 0.31461E+01 -0.13929E+02
 0.31961E+01 -0.13890E+02
 0.32461E+01 -0.13821E+02
 0.32961E+01 -0.13955E+02
 0.33461E+01 -0.14097E+02
 0.33961E+01 -0.13955E+02
 0.34461E+01 -0.13827E+02
 0.34961E+01 -0.13963E+02
 0.35461E+01 -0.13913E+02
 0.35961E+01 -0.13898E+02
 0.36461E+01 -0.13827E+02
 zone T = "ep =  0.1 ",
 0.11461E+01 -0.38771E+01
 0.11961E+01 -0.44169E+01
 0.12461E+01 -0.47528E+01
 0.12961E+01 -0.49349E+01
 0.13461E+01 -0.50064E+01
 0.13961E+01 -0.49752E+01
 0.14461E+01 -0.48769E+01
 0.14961E+01 -0.53599E+01
 0.15461E+01 -0.56523E+01
 0.15961E+01 -0.56893E+01
 0.16461E+01 -0.58193E+01
 0.16961E+01 -0.61591E+01
 0.17461E+01 -0.61563E+01
 0.17961E+01 -0.65179E+01
 0.18461E+01 -0.65957E+01
 0.18961E+01 -0.69315E+01
 0.19461E+01 -0.71070E+01
 0.19961E+01 -0.72975E+01
 0.20461E+01 -0.75374E+01
 0.20961E+01 -0.77712E+01
 0.21461E+01 -0.79867E+01
 0.21961E+01 -0.82247E+01
 0.22461E+01 -0.84561E+01
 0.22961E+01 -0.86913E+01
 0.23461E+01 -0.89232E+01
 0.23961E+01 -0.91554E+01
 0.24461E+01 -0.94001E+01
 0.24961E+01 -0.96311E+01
 0.25461E+01 -0.98781E+01
 0.25961E+01 -0.10116E+02
 0.26461E+01 -0.10346E+02
 0.26961E+01 -0.10590E+02
 0.27461E+01 -0.10832E+02
 0.27961E+01 -0.11074E+02
 0.28461E+01 -0.11328E+02
 0.28961E+01 -0.11568E+02
 0.29461E+01 -0.11813E+02
 0.29961E+01 -0.12046E+02
 0.30461E+01 -0.12288E+02
 0.30961E+01 -0.12525E+02
 0.31461E+01 -0.12757E+02
 0.31961E+01 -0.12963E+02
 0.32461E+01 -0.13178E+02
 0.32961E+01 -0.13325E+02
 0.33461E+01 -0.13433E+02
 0.33961E+01 -0.13645E+02
 0.34461E+01 -0.13649E+02
 0.34961E+01 -0.13662E+02
 0.35461E+01 -0.13847E+02
 0.35961E+01 -0.13946E+02
 0.36461E+01 -0.13734E+02
 zone T = "ep =  0.01 ",
 0.11461E+01 -0.41608E+01
 0.11961E+01 -0.49887E+01
 0.12461E+01 -0.51808E+01
 0.12961E+01 -0.52466E+01
 0.13461E+01 -0.51765E+01
 0.13961E+01 -0.50555E+01
 0.14461E+01 -0.49352E+01
 0.14961E+01 -0.59364E+01
 0.15461E+01 -0.58308E+01
 0.15961E+01 -0.55427E+01
 0.16461E+01 -0.62885E+01
 0.16961E+01 -0.62064E+01
 0.17461E+01 -0.57725E+01
 0.17961E+01 -0.65796E+01
 0.18461E+01 -0.61263E+01
 0.18961E+01 -0.67307E+01
 0.19461E+01 -0.69637E+01
 0.19961E+01 -0.68116E+01
 0.20461E+01 -0.68675E+01
 0.20961E+01 -0.71242E+01
 0.21461E+01 -0.72307E+01
 0.21961E+01 -0.75338E+01
 0.22461E+01 -0.78113E+01
 0.22961E+01 -0.79180E+01
 0.23461E+01 -0.83716E+01
 0.23961E+01 -0.84733E+01
 0.24461E+01 -0.96768E+01
 0.24961E+01 -0.85519E+01
 0.25461E+01 -0.93654E+01
 0.25961E+01 -0.93385E+01
 0.26461E+01 -0.91444E+01
 0.26961E+01 -0.93486E+01
 0.27461E+01 -0.98584E+01
 0.27961E+01 -0.98019E+01
 0.28461E+01 -0.10507E+02
 0.28961E+01 -0.11176E+02
 0.29461E+01 -0.10736E+02
 0.29961E+01 -0.10920E+02
 0.30461E+01 -0.11170E+02
 0.30961E+01 -0.11470E+02
 0.31461E+01 -0.11407E+02
 0.31961E+01 -0.12244E+02
 0.32461E+01 -0.13311E+02
 0.32961E+01 -0.13094E+02
 0.33461E+01 -0.12720E+02
 0.33961E+01 -0.13051E+02
 0.34461E+01 -0.13191E+02
 0.34961E+01 -0.13685E+02
 0.35461E+01 -0.14699E+02
 0.35961E+01 -0.13841E+02
 0.36461E+01 -0.13802E+02
 zone T = "ep =  0.001 ",
 0.11461E+01 -0.47362E+01
 0.11961E+01 -0.52310E+01
 0.12461E+01 -0.55678E+01
 0.12961E+01 -0.58601E+01
 0.13461E+01 -0.59662E+01
 0.13961E+01 -0.58647E+01
 0.14461E+01 -0.57011E+01
 0.14961E+01 -0.65299E+01
 0.15461E+01 -0.66210E+01
 0.15961E+01 -0.63661E+01
 0.16461E+01 -0.69896E+01
 0.16961E+01 -0.69728E+01
 0.17461E+01 -0.65630E+01
 0.17961E+01 -0.73041E+01
 0.18461E+01 -0.72981E+01
 0.18961E+01 -0.73739E+01
 0.19461E+01 -0.77302E+01
 0.19961E+01 -0.77978E+01
 0.20461E+01 -0.73953E+01
 0.20961E+01 -0.75586E+01
 0.21461E+01 -0.76027E+01
 0.21961E+01 -0.82306E+01
 0.22461E+01 -0.82442E+01
 0.22961E+01 -0.84245E+01
 0.23461E+01 -0.82895E+01
 0.23961E+01 -0.84860E+01
 0.24461E+01 -0.84836E+01
 0.24961E+01 -0.89011E+01
 0.25461E+01 -0.89441E+01
 0.25961E+01 -0.90682E+01
 0.26461E+01 -0.93088E+01
 0.26961E+01 -0.94178E+01
 0.27461E+01 -0.96481E+01
 0.27961E+01 -0.98206E+01
 0.28461E+01 -0.96620E+01
 0.28961E+01 -0.97612E+01
 0.29461E+01 -0.10035E+02
 0.29961E+01 -0.11761E+02
 0.30461E+01 -0.10219E+02
 0.30961E+01 -0.10588E+02
 0.31461E+01 -0.10385E+02
 0.31961E+01 -0.10766E+02
 0.32461E+01 -0.10831E+02
 0.32961E+01 -0.11078E+02
 0.33461E+01 -0.11097E+02
 0.33961E+01 -0.11610E+02
 0.34461E+01 -0.11463E+02
 0.34961E+01 -0.11719E+02
 0.35461E+01 -0.12228E+02
 0.35961E+01 -0.12362E+02
 0.36461E+01 -0.12621E+02
 zone T = "ep =  0.0001 ",
 0.11461E+01 -0.49106E+01
 0.11961E+01 -0.52589E+01
 0.12461E+01 -0.56345E+01
 0.12961E+01 -0.60621E+01
 0.13461E+01 -0.64386E+01
 0.13961E+01 -0.64031E+01
 0.14461E+01 -0.61321E+01
 0.14961E+01 -0.66799E+01
 0.15461E+01 -0.71888E+01
 0.15961E+01 -0.71173E+01
 0.16461E+01 -0.72659E+01
 0.16961E+01 -0.77203E+01
 0.17461E+01 -0.73485E+01
 0.17961E+01 -0.80446E+01
 0.18461E+01 -0.80340E+01
 0.18961E+01 -0.82838E+01
 0.19461E+01 -0.85292E+01
 0.19961E+01 -0.86358E+01
 0.20461E+01 -0.83413E+01
 0.20961E+01 -0.85108E+01
 0.21461E+01 -0.85519E+01
 0.21961E+01 -0.91744E+01
 0.22461E+01 -0.91648E+01
 0.22961E+01 -0.93735E+01
 0.23461E+01 -0.92010E+01
 0.23961E+01 -0.93703E+01
 0.24461E+01 -0.93632E+01
 0.24961E+01 -0.97652E+01
 0.25461E+01 -0.98655E+01
 0.25961E+01 -0.99709E+01
 0.26461E+01 -0.10010E+02
 0.26961E+01 -0.10153E+02
 0.27461E+01 -0.10154E+02
 0.27961E+01 -0.10318E+02
 0.28461E+01 -0.10463E+02
 0.28961E+01 -0.10575E+02
 0.29461E+01 -0.10665E+02
 0.29961E+01 -0.10726E+02
 0.30461E+01 -0.10892E+02
 0.30961E+01 -0.10978E+02
 0.31461E+01 -0.11023E+02
 0.31961E+01 -0.11200E+02
 0.32461E+01 -0.11304E+02
 0.32961E+01 -0.11425E+02
 0.33461E+01 -0.11577E+02
 0.33961E+01 -0.11721E+02
 0.34461E+01 -0.11833E+02
 0.34961E+01 -0.12035E+02
 0.35461E+01 -0.11955E+02
 0.35961E+01 -0.12410E+02
 0.36461E+01 -0.12204E+02
 zone T = "ep =  0.00001 ",
 0.11461E+01 -0.49331E+01
 0.11961E+01 -0.52615E+01
 0.12461E+01 -0.56418E+01
 0.12961E+01 -0.60890E+01
 0.13461E+01 -0.65361E+01
 0.13961E+01 -0.65289E+01
 0.14461E+01 -0.62152E+01
 0.14961E+01 -0.66972E+01
 0.15461E+01 -0.73283E+01
 0.15961E+01 -0.73987E+01
 0.16461E+01 -0.73007E+01
 0.16961E+01 -0.79964E+01
 0.17461E+01 -0.76731E+01
 0.17961E+01 -0.83131E+01
 0.18461E+01 -0.81925E+01
 0.18961E+01 -0.88768E+01
 0.19461E+01 -0.88599E+01
 0.19961E+01 -0.89868E+01
 0.20461E+01 -0.91122E+01
 0.20961E+01 -0.93500E+01
 0.21461E+01 -0.93881E+01
 0.21961E+01 -0.99074E+01
 0.22461E+01 -0.10071E+02
 0.22961E+01 -0.10229E+02
 0.23461E+01 -0.10170E+02
 0.23961E+01 -0.10347E+02
 0.24461E+01 -0.10341E+02
 0.24961E+01 -0.10734E+02
 0.25461E+01 -0.10846E+02
 0.25961E+01 -0.10953E+02
 0.26461E+01 -0.10994E+02
 0.26961E+01 -0.11133E+02
 0.27461E+01 -0.11136E+02
 0.27961E+01 -0.11294E+02
 0.28461E+01 -0.11447E+02
 0.28961E+01 -0.11547E+02
 0.29461E+01 -0.11642E+02
 0.29961E+01 -0.11677E+02
 0.30461E+01 -0.11834E+02
 0.30961E+01 -0.11936E+02
 0.31461E+01 -0.11939E+02
 0.31961E+01 -0.12131E+02
 0.32461E+01 -0.12173E+02
 0.32961E+01 -0.12321E+02
 0.33461E+01 -0.12407E+02
 0.33961E+01 -0.12471E+02
 0.34461E+01 -0.12588E+02
 0.34961E+01 -0.12657E+02
 0.35461E+01 -0.12760E+02
 0.35961E+01 -0.12839E+02
 0.36461E+01 -0.12926E+02
 zone T = "ep =  0.000001 ",
 0.11461E+01 -0.49354E+01
 0.11961E+01 -0.52618E+01
 0.12461E+01 -0.56425E+01
 0.12961E+01 -0.60918E+01
 0.13461E+01 -0.65472E+01
 0.13961E+01 -0.65438E+01
 0.14461E+01 -0.62244E+01
 0.14961E+01 -0.66990E+01
 0.15461E+01 -0.73451E+01
 0.15961E+01 -0.74403E+01
 0.16461E+01 -0.73044E+01
 0.16961E+01 -0.80369E+01
 0.17461E+01 -0.77245E+01
 0.17961E+01 -0.83520E+01
 0.18461E+01 -0.82084E+01
 0.18961E+01 -0.90270E+01
 0.19461E+01 -0.89125E+01
 0.19961E+01 -0.90431E+01
 0.20461E+01 -0.94062E+01
 0.20961E+01 -0.97403E+01
 0.21461E+01 -0.97734E+01
 0.21961E+01 -0.10160E+02
 0.22461E+01 -0.10608E+02
 0.22961E+01 -0.10642E+02
 0.23461E+01 -0.10962E+02
 0.23961E+01 -0.11194E+02
 0.24461E+01 -0.11194E+02
 0.24961E+01 -0.11551E+02
 0.25461E+01 -0.11692E+02
 0.25961E+01 -0.11849E+02
 0.26461E+01 -0.11958E+02
 0.26961E+01 -0.12095E+02
 0.27461E+01 -0.12118E+02
 0.27961E+01 -0.12270E+02
 0.28461E+01 -0.12410E+02
 0.28961E+01 -0.12505E+02
 0.29461E+01 -0.12588E+02
 0.29961E+01 -0.12615E+02
 0.30461E+01 -0.12748E+02
 0.30961E+01 -0.12822E+02
 0.31461E+01 -0.12815E+02
 0.31961E+01 -0.12979E+02
 0.32461E+01 -0.12997E+02
 0.32961E+01 -0.13071E+02
 0.33461E+01 -0.13132E+02
 0.33961E+01 -0.13175E+02
 0.34461E+01 -0.13200E+02
 0.34961E+01 -0.13205E+02
 0.35461E+01 -0.13256E+02
 0.35961E+01 -0.13250E+02
 0.36461E+01 -0.13299E+02
 zone T = "ep =  1.E-7 ",
 0.11461E+01 -0.49356E+01
 0.11961E+01 -0.52618E+01
 0.12461E+01 -0.56426E+01
 0.12961E+01 -0.60921E+01
 0.13461E+01 -0.65483E+01
 0.13961E+01 -0.65453E+01
 0.14461E+01 -0.62254E+01
 0.14961E+01 -0.66991E+01
 0.15461E+01 -0.73468E+01
 0.15961E+01 -0.74447E+01
 0.16461E+01 -0.73047E+01
 0.16961E+01 -0.80412E+01
 0.17461E+01 -0.77299E+01
 0.17961E+01 -0.83561E+01
 0.18461E+01 -0.82100E+01
 0.18961E+01 -0.90454E+01
 0.19461E+01 -0.89182E+01
 0.19961E+01 -0.90491E+01
 0.20461E+01 -0.94505E+01
 0.20961E+01 -0.98090E+01
 0.21461E+01 -0.98406E+01
 0.21961E+01 -0.10197E+02
 0.22461E+01 -0.10733E+02
 0.22961E+01 -0.10720E+02
 0.23461E+01 -0.11288E+02
 0.23961E+01 -0.11611E+02
 0.24461E+01 -0.11623E+02
 0.24961E+01 -0.11938E+02
 0.25461E+01 -0.12145E+02
 0.25961E+01 -0.12461E+02
 0.26461E+01 -0.12982E+02
 0.26961E+01 -0.13282E+02
 0.27461E+01 -0.13913E+02
 0.27961E+01 -0.13890E+02
 0.28461E+01 -0.13624E+02
 0.28961E+01 -0.13511E+02
 0.29461E+01 -0.13436E+02
 0.29961E+01 -0.13386E+02
 0.30461E+01 -0.13413E+02
 0.30961E+01 -0.13340E+02
 0.31461E+01 -0.13361E+02
 0.31961E+01 -0.13296E+02
 0.32461E+01 -0.13299E+02
 0.32961E+01 -0.13286E+02
 0.33461E+01 -0.13299E+02
 0.33961E+01 -0.13279E+02
 0.34461E+01 -0.13311E+02
 0.34961E+01 -0.13275E+02
 0.35461E+01 -0.13309E+02
 0.35961E+01 -0.13263E+02
 0.36461E+01 -0.13240E+02
 zone T = "ep =  1.E-8 ",
 0.11461E+01 -0.49356E+01
 0.11961E+01 -0.52618E+01
 0.12461E+01 -0.56426E+01
 0.12961E+01 -0.60921E+01
 0.13461E+01 -0.65484E+01
 0.13961E+01 -0.65455E+01
 0.14461E+01 -0.62255E+01
 0.14961E+01 -0.66992E+01
 0.15461E+01 -0.73470E+01
 0.15961E+01 -0.74451E+01
 0.16461E+01 -0.73047E+01
 0.16961E+01 -0.80416E+01
 0.17461E+01 -0.77305E+01
 0.17961E+01 -0.83565E+01
 0.18461E+01 -0.82101E+01
 0.18961E+01 -0.90472E+01
 0.19461E+01 -0.89187E+01
 0.19961E+01 -0.90497E+01
 0.20461E+01 -0.94551E+01
 0.20961E+01 -0.98163E+01
 0.21461E+01 -0.98478E+01
 0.21961E+01 -0.10200E+02
 0.22461E+01 -0.10746E+02
 0.22961E+01 -0.10727E+02
 0.23461E+01 -0.11333E+02
 0.23961E+01 -0.11675E+02
 0.24461E+01 -0.11690E+02
 0.24961E+01 -0.11979E+02
 0.25461E+01 -0.12190E+02
 0.25961E+01 -0.12520E+02
 0.26461E+01 -0.13169E+02
 0.26961E+01 -0.13433E+02
 0.27461E+01 -0.15051E+02
 0.27961E+01 -0.14612E+02
 0.28461E+01 -0.14331E+02
 0.28961E+01 -0.14273E+02
 0.29461E+01 -0.14750E+02
 0.29961E+01 -0.14311E+02
 0.30461E+01 -0.14507E+02
 0.30961E+01 -0.14507E+02
 0.31461E+01 -0.14239E+02
 0.31961E+01 -0.15051E+02
 0.32461E+01 -0.14808E+02
 0.32961E+01 -0.15654E+02
 0.33461E+01 -0.14375E+02
 0.33961E+01 -0.14654E+02
 0.34461E+01 -0.14699E+02
 0.34961E+01 -0.14206E+02
 0.35461E+01 -0.14311E+02
 0.35961E+01 -0.15654E+02
 0.36461E+01 -0.14206E+02
