 zone T = "ep =  1. ",
 0.11461E+01 -0.48849E+01
 0.11961E+01 -0.50785E+01
 0.12461E+01 -0.52916E+01
 0.12961E+01 -0.55186E+01
 0.13461E+01 -0.57556E+01
 0.13961E+01 -0.59964E+01
 0.14461E+01 -0.62218E+01
 0.14961E+01 -0.64388E+01
 0.15461E+01 -0.66702E+01
 0.15961E+01 -0.69131E+01
 0.16461E+01 -0.71483E+01
 0.16961E+01 -0.73805E+01
 0.17461E+01 -0.76294E+01
 0.17961E+01 -0.78607E+01
 0.18461E+01 -0.81099E+01
 0.18961E+01 -0.83438E+01
 0.19461E+01 -0.85892E+01
 0.19961E+01 -0.88358E+01
 0.20461E+01 -0.90788E+01
 0.20961E+01 -0.93226E+01
 0.21461E+01 -0.95703E+01
 0.21961E+01 -0.98139E+01
 0.22461E+01 -0.10058E+02
 0.22961E+01 -0.10307E+02
 0.23461E+01 -0.10553E+02
 0.23961E+01 -0.10800E+02
 0.24461E+01 -0.11049E+02
 0.24961E+01 -0.11296E+02
 0.25461E+01 -0.11546E+02
 0.25961E+01 -0.11795E+02
 0.26461E+01 -0.12045E+02
 0.26961E+01 -0.12296E+02
 0.27461E+01 -0.12551E+02
 0.27961E+01 -0.12814E+02
 0.28461E+01 -0.13082E+02
 0.28961E+01 -0.13362E+02
 0.29461E+01 -0.13676E+02
 0.29961E+01 -0.14142E+02
 0.30461E+01 -0.15477E+02
 0.30961E+01 -0.14463E+02
 0.31461E+01 -0.14292E+02
 0.31961E+01 -0.14129E+02
 0.32461E+01 -0.14103E+02
 0.32961E+01 -0.14109E+02
 0.33461E+01 -0.14155E+02
 0.33961E+01 -0.14097E+02
 0.34461E+01 -0.14051E+02
 0.34961E+01 -0.14091E+02
 0.35461E+01 -0.14000E+02
 0.35961E+01 -0.14057E+02
 0.36461E+01 -0.13991E+02
 zone T = "ep =  0.1 ",
 0.11461E+01 -0.28170E+01
 0.11961E+01 -0.36748E+01
 0.12461E+01 -0.53734E+01
 0.12961E+01 -0.50786E+01
 0.13461E+01 -0.46654E+01
 0.13961E+01 -0.41365E+01
 0.14461E+01 -0.38447E+01
 0.14961E+01 -0.46369E+01
 0.15461E+01 -0.54388E+01
 0.15961E+01 -0.49803E+01
 0.16461E+01 -0.50473E+01
 0.16961E+01 -0.59866E+01
 0.17461E+01 -0.53750E+01
 0.17961E+01 -0.63988E+01
 0.18461E+01 -0.59738E+01
 0.18961E+01 -0.80571E+01
 0.19461E+01 -0.75242E+01
 0.19961E+01 -0.76204E+01
 0.20461E+01 -0.75955E+01
 0.20961E+01 -0.74782E+01
 0.21461E+01 -0.76062E+01
 0.21961E+01 -0.76923E+01
 0.22461E+01 -0.78544E+01
 0.22961E+01 -0.79944E+01
 0.23461E+01 -0.81925E+01
 0.23961E+01 -0.83930E+01
 0.24461E+01 -0.85638E+01
 0.24961E+01 -0.87889E+01
 0.25461E+01 -0.89792E+01
 0.25961E+01 -0.92009E+01
 0.26461E+01 -0.94456E+01
 0.26961E+01 -0.96629E+01
 0.27461E+01 -0.98903E+01
 0.27961E+01 -0.10122E+02
 0.28461E+01 -0.10333E+02
 0.28961E+01 -0.10573E+02
 0.29461E+01 -0.10804E+02
 0.29961E+01 -0.11056E+02
 0.30461E+01 -0.11291E+02
 0.30961E+01 -0.11523E+02
 0.31461E+01 -0.11762E+02
 0.31961E+01 -0.12009E+02
 0.32461E+01 -0.12258E+02
 0.32961E+01 -0.12499E+02
 0.33461E+01 -0.12743E+02
 0.33961E+01 -0.13020E+02
 0.34461E+01 -0.13261E+02
 0.34961E+01 -0.13495E+02
 0.35461E+01 -0.13938E+02
 0.35961E+01 -0.14875E+02
 0.36461E+01 -0.14463E+02
 zone T = "ep =  0.01 ",
 0.11461E+01 -0.20820E+01
 0.11961E+01 -0.37458E+01
 0.12461E+01 -0.36697E+01
 0.12961E+01 -0.33993E+01
 0.13461E+01 -0.31417E+01
 0.13961E+01 -0.29471E+01
 0.14461E+01 -0.28001E+01
 0.14961E+01 -0.44364E+01
 0.15461E+01 -0.38933E+01
 0.15961E+01 -0.34448E+01
 0.16461E+01 -0.50437E+01
 0.16961E+01 -0.43410E+01
 0.17461E+01 -0.36692E+01
 0.17961E+01 -0.50935E+01
 0.18461E+01 -0.40662E+01
 0.18961E+01 -0.50896E+01
 0.19461E+01 -0.76479E+01
 0.19961E+01 -0.50030E+01
 0.20461E+01 -0.49856E+01
 0.20961E+01 -0.54464E+01
 0.21461E+01 -0.55545E+01
 0.21961E+01 -0.74291E+01
 0.22461E+01 -0.60457E+01
 0.22961E+01 -0.61754E+01
 0.23461E+01 -0.59379E+01
 0.23961E+01 -0.61091E+01
 0.24461E+01 -0.60379E+01
 0.24961E+01 -0.66514E+01
 0.25461E+01 -0.63991E+01
 0.25961E+01 -0.66049E+01
 0.26461E+01 -0.69863E+01
 0.26961E+01 -0.71232E+01
 0.27461E+01 -0.71253E+01
 0.27961E+01 -0.74103E+01
 0.28461E+01 -0.73325E+01
 0.28961E+01 -0.75893E+01
 0.29461E+01 -0.76995E+01
 0.29961E+01 -0.80511E+01
 0.30461E+01 -0.82442E+01
 0.30961E+01 -0.83249E+01
 0.31461E+01 -0.84943E+01
 0.31961E+01 -0.87764E+01
 0.32461E+01 -0.90204E+01
 0.32961E+01 -0.92258E+01
 0.33461E+01 -0.94944E+01
 0.33961E+01 -0.97098E+01
 0.34461E+01 -0.99419E+01
 0.34961E+01 -0.10149E+02
 0.35461E+01 -0.10353E+02
 0.35961E+01 -0.10620E+02
 0.36461E+01 -0.10829E+02
 zone T = "ep =  0.001 ",
 0.11461E+01 -0.20081E+01
 0.11961E+01 -0.42107E+01
 0.12461E+01 -0.36979E+01
 0.12961E+01 -0.32846E+01
 0.13461E+01 -0.30173E+01
 0.13961E+01 -0.28293E+01
 0.14461E+01 -0.26893E+01
 0.14961E+01 -0.44034E+01
 0.15461E+01 -0.36912E+01
 0.15961E+01 -0.32802E+01
 0.16461E+01 -0.48464E+01
 0.16961E+01 -0.40197E+01
 0.17461E+01 -0.34672E+01
 0.17961E+01 -0.44946E+01
 0.18461E+01 -0.45167E+01
 0.18961E+01 -0.44291E+01
 0.19461E+01 -0.53647E+01
 0.19961E+01 -0.55600E+01
 0.20461E+01 -0.43466E+01
 0.20961E+01 -0.45349E+01
 0.21461E+01 -0.45660E+01
 0.21961E+01 -0.62753E+01
 0.22461E+01 -0.56415E+01
 0.22961E+01 -0.67070E+01
 0.23461E+01 -0.54460E+01
 0.23961E+01 -0.57880E+01
 0.24461E+01 -0.56470E+01
 0.24961E+01 -0.66954E+01
 0.25461E+01 -0.79039E+01
 0.25961E+01 -0.74266E+01
 0.26461E+01 -0.65562E+01
 0.26961E+01 -0.66548E+01
 0.27461E+01 -0.65385E+01
 0.27961E+01 -0.65915E+01
 0.28461E+01 -0.73166E+01
 0.28961E+01 -0.75973E+01
 0.29461E+01 -0.70817E+01
 0.29961E+01 -0.67642E+01
 0.30461E+01 -0.74659E+01
 0.30961E+01 -0.72458E+01
 0.31461E+01 -0.68660E+01
 0.31961E+01 -0.75734E+01
 0.32461E+01 -0.72080E+01
 0.32961E+01 -0.78096E+01
 0.33461E+01 -0.80915E+01
 0.33961E+01 -0.77337E+01
 0.34461E+01 -0.82980E+01
 0.34961E+01 -0.79898E+01
 0.35461E+01 -0.82244E+01
 0.35961E+01 -0.83843E+01
 0.36461E+01 -0.85666E+01
 zone T = "ep =  0.0001 ",
 0.11461E+01 -0.20005E+01
 0.11961E+01 -0.46633E+01
 0.12461E+01 -0.37065E+01
 0.12961E+01 -0.32755E+01
 0.13461E+01 -0.30065E+01
 0.13961E+01 -0.28184E+01
 0.14461E+01 -0.26787E+01
 0.14961E+01 -0.44758E+01
 0.15461E+01 -0.36806E+01
 0.15961E+01 -0.32681E+01
 0.16461E+01 -0.53446E+01
 0.16961E+01 -0.40072E+01
 0.17461E+01 -0.34542E+01
 0.17961E+01 -0.44825E+01
 0.18461E+01 -0.50594E+01
 0.18961E+01 -0.44085E+01
 0.19461E+01 -0.54214E+01
 0.19961E+01 -0.61973E+01
 0.20461E+01 -0.43232E+01
 0.20961E+01 -0.45054E+01
 0.21461E+01 -0.45344E+01
 0.21961E+01 -0.65177E+01
 0.22461E+01 -0.54870E+01
 0.22961E+01 -0.69015E+01
 0.23461E+01 -0.53163E+01
 0.23961E+01 -0.55661E+01
 0.24461E+01 -0.54627E+01
 0.24961E+01 -0.67809E+01
 0.25461E+01 -0.73950E+01
 0.25961E+01 -0.77386E+01
 0.26461E+01 -0.66221E+01
 0.26961E+01 -0.71563E+01
 0.27461E+01 -0.65792E+01
 0.27961E+01 -0.70197E+01
 0.28461E+01 -0.83448E+01
 0.28961E+01 -0.83807E+01
 0.29461E+01 -0.86933E+01
 0.29961E+01 -0.75146E+01
 0.30461E+01 -0.81575E+01
 0.30961E+01 -0.87949E+01
 0.31461E+01 -0.77765E+01
 0.31961E+01 -0.83896E+01
 0.32461E+01 -0.84941E+01
 0.32961E+01 -0.83395E+01
 0.33461E+01 -0.80938E+01
 0.33961E+01 -0.80456E+01
 0.34461E+01 -0.81390E+01
 0.34961E+01 -0.80436E+01
 0.35461E+01 -0.89857E+01
 0.35961E+01 -0.80993E+01
 0.36461E+01 -0.90362E+01
 zone T = "ep =  0.00001 ",
 0.11461E+01 -0.19997E+01
 0.11961E+01 -0.47102E+01
 0.12461E+01 -0.37069E+01
 0.12961E+01 -0.32746E+01
 0.13461E+01 -0.30054E+01
 0.13961E+01 -0.28174E+01
 0.14461E+01 -0.26776E+01
 0.14961E+01 -0.44806E+01
 0.15461E+01 -0.36797E+01
 0.15961E+01 -0.32670E+01
 0.16461E+01 -0.53967E+01
 0.16961E+01 -0.40064E+01
 0.17461E+01 -0.34531E+01
 0.17961E+01 -0.44823E+01
 0.18461E+01 -0.62381E+01
 0.18961E+01 -0.44077E+01
 0.19461E+01 -0.54290E+01
 0.19961E+01 -0.71271E+01
 0.20461E+01 -0.43222E+01
 0.20961E+01 -0.45044E+01
 0.21461E+01 -0.45333E+01
 0.21961E+01 -0.65942E+01
 0.22461E+01 -0.54859E+01
 0.22961E+01 -0.75386E+01
 0.23461E+01 -0.53147E+01
 0.23961E+01 -0.55636E+01
 0.24461E+01 -0.54604E+01
 0.24961E+01 -0.67607E+01
 0.25461E+01 -0.82432E+01
 0.25961E+01 -0.79864E+01
 0.26461E+01 -0.65941E+01
 0.26961E+01 -0.70752E+01
 0.27461E+01 -0.65511E+01
 0.27961E+01 -0.69490E+01
 0.28461E+01 -0.89946E+01
 0.28961E+01 -0.86021E+01
 0.29461E+01 -0.91886E+01
 0.29961E+01 -0.73220E+01
 0.30461E+01 -0.82703E+01
 0.30961E+01 -0.97261E+01
 0.31461E+01 -0.74724E+01
 0.31961E+01 -0.10019E+02
 0.32461E+01 -0.79233E+01
 0.32961E+01 -0.10359E+02
 0.33461E+01 -0.90935E+01
 0.33961E+01 -0.84900E+01
 0.34461E+01 -0.93738E+01
 0.34961E+01 -0.87431E+01
 0.35461E+01 -0.99274E+01
 0.35961E+01 -0.91635E+01
 0.36461E+01 -0.98807E+01
 zone T = "ep =  0.000001 ",
 0.11461E+01 -0.19997E+01
 0.11961E+01 -0.47145E+01
 0.12461E+01 -0.37070E+01
 0.12961E+01 -0.32745E+01
 0.13461E+01 -0.30053E+01
 0.13961E+01 -0.28173E+01
 0.14461E+01 -0.26775E+01
 0.14961E+01 -0.44810E+01
 0.15461E+01 -0.36796E+01
 0.15961E+01 -0.32669E+01
 0.16461E+01 -0.54009E+01
 0.16961E+01 -0.40063E+01
 0.17461E+01 -0.34530E+01
 0.17961E+01 -0.44823E+01
 0.18461E+01 -0.75825E+01
 0.18961E+01 -0.44077E+01
 0.19461E+01 -0.54297E+01
 0.19961E+01 -0.73243E+01
 0.20461E+01 -0.43221E+01
 0.20961E+01 -0.45043E+01
 0.21461E+01 -0.45333E+01
 0.21961E+01 -0.66005E+01
 0.22461E+01 -0.54860E+01
 0.22961E+01 -0.76197E+01
 0.23461E+01 -0.53147E+01
 0.23961E+01 -0.55637E+01
 0.24461E+01 -0.54604E+01
 0.24961E+01 -0.67619E+01
 0.25461E+01 -0.84230E+01
 0.25961E+01 -0.80212E+01
 0.26461E+01 -0.65943E+01
 0.26961E+01 -0.70755E+01
 0.27461E+01 -0.65511E+01
 0.27961E+01 -0.69488E+01
 0.28461E+01 -0.93017E+01
 0.28961E+01 -0.86050E+01
 0.29461E+01 -0.98076E+01
 0.29961E+01 -0.73207E+01
 0.30461E+01 -0.82579E+01
 0.30961E+01 -0.99687E+01
 0.31461E+01 -0.74703E+01
 0.31961E+01 -0.96920E+01
 0.32461E+01 -0.79163E+01
 0.32961E+01 -0.97000E+01
 0.33461E+01 -0.89969E+01
 0.33961E+01 -0.84625E+01
 0.34461E+01 -0.92025E+01
 0.34961E+01 -0.86944E+01
 0.35461E+01 -0.10865E+02
 0.35961E+01 -0.90459E+01
 0.36461E+01 -0.10950E+02
 zone T = "ep =  1.E-7 ",
 0.11461E+01 -0.19997E+01
 0.11961E+01 -0.47150E+01
 0.12461E+01 -0.37070E+01
 0.12961E+01 -0.32745E+01
 0.13461E+01 -0.30053E+01
 0.13961E+01 -0.28173E+01
 0.14461E+01 -0.26775E+01
 0.14961E+01 -0.44811E+01
 0.15461E+01 -0.36796E+01
 0.15961E+01 -0.32669E+01
 0.16461E+01 -0.54014E+01
 0.16961E+01 -0.40063E+01
 0.17461E+01 -0.34530E+01
 0.17961E+01 -0.44823E+01
 0.18461E+01 -0.82492E+01
 0.18961E+01 -0.44077E+01
 0.19461E+01 -0.54298E+01
 0.19961E+01 -0.73459E+01
 0.20461E+01 -0.43221E+01
 0.20961E+01 -0.45043E+01
 0.21461E+01 -0.45333E+01
 0.21961E+01 -0.66011E+01
 0.22461E+01 -0.54860E+01
 0.22961E+01 -0.76272E+01
 0.23461E+01 -0.53147E+01
 0.23961E+01 -0.55637E+01
 0.24461E+01 -0.54604E+01
 0.24961E+01 -0.67620E+01
 0.25461E+01 -0.84402E+01
 0.25961E+01 -0.80247E+01
 0.26461E+01 -0.65944E+01
 0.26961E+01 -0.70756E+01
 0.27461E+01 -0.65511E+01
 0.27961E+01 -0.69489E+01
 0.28461E+01 -0.93374E+01
 0.28961E+01 -0.86075E+01
 0.29461E+01 -0.99087E+01
 0.29961E+01 -0.73208E+01
 0.30461E+01 -0.82579E+01
 0.30961E+01 -0.10016E+02
 0.31461E+01 -0.74703E+01
 0.31961E+01 -0.96983E+01
 0.32461E+01 -0.79163E+01
 0.32961E+01 -0.97016E+01
 0.33461E+01 -0.89967E+01
 0.33961E+01 -0.84625E+01
 0.34461E+01 -0.92024E+01
 0.34961E+01 -0.86940E+01
 0.35461E+01 -0.10837E+02
 0.35961E+01 -0.90454E+01
 0.36461E+01 -0.10885E+02
 zone T = "ep =  1.E-8 ",
 0.11461E+01 -0.19997E+01
 0.11961E+01 -0.47150E+01
 0.12461E+01 -0.37070E+01
 0.12961E+01 -0.32745E+01
 0.13461E+01 -0.30053E+01
 0.13961E+01 -0.28172E+01
 0.14461E+01 -0.26775E+01
 0.14961E+01 -0.44811E+01
 0.15461E+01 -0.36796E+01
 0.15961E+01 -0.32669E+01
 0.16461E+01 -0.54014E+01
 0.16961E+01 -0.40063E+01
 0.17461E+01 -0.34530E+01
 0.17961E+01 -0.44823E+01
 0.18461E+01 -0.80693E+01
 0.18961E+01 -0.44077E+01
 0.19461E+01 -0.54298E+01
 0.19961E+01 -0.73484E+01
 0.20461E+01 -0.43221E+01
 0.20961E+01 -0.45043E+01
 0.21461E+01 -0.45339E+01
 0.21961E+01 -0.66012E+01
 0.22461E+01 -0.54860E+01
 0.22961E+01 -0.76284E+01
 0.23461E+01 -0.53147E+01
 0.23961E+01 -0.55637E+01
 0.24461E+01 -0.54604E+01
 0.24961E+01 -0.67621E+01
 0.25461E+01 -0.84427E+01
 0.25961E+01 -0.80252E+01
 0.26461E+01 -0.65942E+01
 0.26961E+01 -0.70756E+01
 0.27461E+01 -0.65513E+01
 0.27961E+01 -0.69487E+01
 0.28461E+01 -0.93394E+01
 0.28961E+01 -0.86080E+01
 0.29461E+01 -0.99385E+01
 0.29961E+01 -0.73208E+01
 0.30461E+01 -0.82579E+01
 0.30961E+01 -0.10022E+02
 0.31461E+01 -0.74698E+01
 0.31961E+01 -0.97006E+01
 0.32461E+01 -0.79162E+01
 0.32961E+01 -0.97160E+01
 0.33461E+01 -0.89917E+01
 0.33961E+01 -0.84623E+01
 0.34461E+01 -0.92064E+01
 0.34961E+01 -0.86935E+01
 0.35461E+01 -0.10868E+02
 0.35961E+01 -0.90429E+01
 0.36461E+01 -0.10906E+02
